5.238
0.748
0.011
104.248
182.828
128.230
58.584
132.274
108.380
89.516
49.266
25.207
47.505
106.374
143.580
124.064
157.850
74.723
44.652
31.098
40.954
44.233
66.265
94.123
102.003
101.475
110.775
123.463
141.886
127.341
135.236
142.970
148.874
159.134
159.568
155.232
152.993
170.469
158.663
174.505
172.659
169.242
161.321
174.533
174.727
59.043
470.697
345.590
125.344
138.112
126.370
143.341
157.369
152.025
155.972
153.789
154.834
170.310
162.888
163.954
168.225
162.778
172.496
165.291
177.216
49.492
751.421
420.541
105.236
121.456
102.902
125.478
132.702
144.470
144.416
148.703
148.054
152.721
156.960
157.977
161.316
172.542
167.849
172.357
170.037
180.578
177.836
167.599
166.459
178.568
170.099
164.976
179.547
178.483
181.344
179.474
181.368
181.888
173.286
175.303
175.349
173.381
177.349
185.705
166.972
173.389
179.720
169.951
56.876
745.226
427.564
106.855
116.514
104.517
126.175
133.669
136.306
145.097
147.012
151.384
160.694
156.471
159.823
159.713
169.990
173.427
162.252
178.770
171.695
170.689
172.997
170.524
182.023
175.258
54.300
744.249
414.374
106.394
114.077
106.373
125.884
123.197
138.164
131.424
148.177
160.835
154.616
157.177
158.944
164.986
168.827
164.897
174.089
165.822
184.633
169.386
181.610
181.458
174.593
173.729
187.204
168.034
170.160
178.329
176.103
186.248
168.822
168.020
177.747
169.651
174.818
179.785
177.554
175.511
168.031
56.303
746.315
417.832
106.598
114.643
113.157
122.097
122.569
135.147
145.311
150.590
156.043
158.249
159.114
161.329
163.448
172.988
165.740
170.594
173.372
175.856
172.891
168.177
175.561
173.382
171.814
53.196
750.331
418.303
102.289
121.196
121.507
120.871
128.849
146.108
139.653
146.727
150.814
155.771
161.658
166.219
162.266
167.720
177.643
173.973
175.549
163.216
54.024
51.172
744.199
411.753
103.910
115.454
104.720
123.948
130.165
136.024
144.741
144.600
153.494
148.002
158.464
156.700
160.868
158.482
169.780
170.593
168.095
169.254
167.848
170.123
166.572
167.829
171.802
166.907
168.662
172.492
169.536
172.062
173.141
170.379
168.488
170.830
169.405
168.295
168.608
168.336
169.445
170.528
172.381
168.396
170.209
168.299
169.825
169.859
169.501
169.685
171.447
169.674
167.973
169.080
167.992
168.215
168.936
170.292
167.192
167.173
167.683
171.988
169.276
168.971
168.583
172.086
168.263
167.079
167.087
167.792
166.667
165.450
165.090
167.510
166.696
165.062
168.187
166.306
165.576
165.222
168.055
170.686
157.365
156.135
157.158
156.847
157.671
155.100
154.774
155.189
153.956
155.226
154.405
149.555
152.817
2.091
0.352
149.001
158.345
165.253
162.652
149.154
138.397
154.821
165.329
162.903
159.004
167.766
166.802
167.852
164.694
164.716
165.858
168.030
169.514
166.270
167.781
168.699
170.928
172.279
166.576
168.514
169.066
165.605
168.319
167.923
166.888
167.408
168.844
172.574
170.201
169.030
168.692
166.683
167.100
167.989
168.935
166.711
168.136
166.393
168.519
169.011
165.420
166.638
169.713
165.499
170.122
165.507
171.572
166.830
169.567
164.636
169.149
166.796
167.427
166.596
165.642
169.295
167.073
165.597
169.960
166.991
165.712
168.397
165.895
173.581
168.349
171.953
167.363
171.273
168.325
170.687
167.505
173.837
169.757
168.689
166.149
167.593
168.938
170.690
168.160
167.652
168.108
170.604
168.456
172.991
170.734
166.877
165.831
167.699
166.112
165.994
167.102
165.441
167.647
165.031
171.020
165.698
158.068
165.955
172.115
165.604
162.563
163.249
157.585
155.273
154.620
157.384
156.438
153.232
157.988
152.768
151.738
150.750
152.837
153.738
150.232
2.392
0.422
151.903
160.399
164.746
163.914
166.550
167.916
167.783
160.845
171.749
167.865
172.459
169.007
169.996
169.338
169.116
170.073
167.341
172.036
168.768
170.027
169.375
174.913
168.142
170.831
171.711
170.069
168.053
171.451
167.249
167.340
166.771
173.238
175.927
169.521
170.121
170.561
169.335
166.366
169.234
168.146
170.270
167.225
168.952
168.861
169.793
169.090
166.500
176.668
172.485
173.321
169.688
169.455
167.975
165.626
173.772
167.977
169.174
169.237
172.541
173.667
169.408
168.954
169.409
172.143
172.188
174.929
172.989
171.669
172.670
170.836
169.882
169.970
171.052
168.328
170.745
169.088
170.195
174.529
170.956
182.411
171.618
173.018
170.932
168.589
172.904
176.234
169.076
173.689
169.844
170.021
172.175
172.355
166.996
167.862
170.249
177.075
175.779
169.192
169.177
168.856
169.441
172.408
173.037
172.847
169.660
169.076
168.393
168.163
167.085
168.544
175.702
167.780
158.734
167.648
168.395
158.352
157.761
160.735
168.747
155.635
161.081
152.653
155.764
156.921
157.376
153.690
152.825
159.449
153.460
2.114
0.378
152.726
162.249
174.967
171.820
163.706
173.284
168.164
173.222
168.654
167.916
167.700
173.719
166.909
173.043
171.638
168.393
169.981
170.514
169.782
167.907
170.091
167.648
170.284
171.526
176.477
169.660
176.824
170.473
173.939
169.580
173.626
177.353
168.477
169.012
169.855
174.209
167.976
166.727
172.442
170.000
169.520
166.969
173.511
169.439
170.840
168.786
168.772
1.839
0.289
170.883
177.720
168.507
169.262
172.612
170.825
165.695
170.202
169.795
173.081
176.034
168.530
168.636
168.061
170.807
171.687
171.212
168.622
175.642
171.996
168.939
170.787
170.273
167.679
168.979
166.568
172.465
169.120
170.824
175.470
173.676
172.181
168.166
173.823
174.849
174.380
168.897
169.119
175.620
168.190
167.881
173.164
170.858
169.907
175.742
173.660
172.568
174.441
175.552
170.704
171.107
171.214
170.033
168.763
170.355
174.394
172.009
181.539
1.395
0.323
167.555
178.588
169.436
172.362
175.359
172.867
177.361
167.236
170.164
170.463
166.353
167.195
169.631
174.432
170.064
171.775
173.250
175.524
169.475
170.313
170.537
176.800
165.820
175.219
172.821
172.204
170.772
173.684
172.959
165.947
174.208
168.140
175.395
173.352
170.415
173.065
168.735
174.954
174.950
172.247
170.482
171.246
170.928
178.181
169.448
170.698
171.744
172.716
174.541
169.672
172.474
171.337
173.564
174.842
169.930
175.229
170.452
172.427
1.495
0.326
177.385
183.868
169.628
175.192
177.677
176.485
176.768
173.629
176.328
168.834
172.166
170.470
171.445
174.409
176.598
167.437
173.449
179.596
172.437
170.814
171.838
171.151
181.155
170.229
177.191
173.774
166.592
172.625
170.896
171.401
170.686
168.380
177.675
172.571
173.449
171.252
166.824
170.581
177.836
171.248
172.993
167.813
171.312
174.128
168.306
172.194
170.376
179.731
174.938
176.310
173.991
175.920
170.350
168.697
175.255
171.850
1.386
0.329
176.088
172.392
174.261
174.259
176.240
175.624
171.472
171.663
169.944
169.521
169.229
170.514
168.331
169.328
170.702
174.649
175.631
175.603
173.247
172.288
178.006
176.984
170.891
171.679
171.976
168.470
179.094
167.970
171.511
178.073
176.167
179.290
168.437
177.172
171.743
172.465
168.854
178.412
175.206
171.877
180.000
173.085
175.547
175.253
177.978
177.909
170.698
170.126
176.951
175.214
176.950
172.241
172.758
174.502
177.672
174.339
1.326
0.295
173.562
178.304
174.649
174.295
177.550
174.943
170.899
173.927
176.125
177.672
172.314
171.952
169.470
178.283
170.632
172.157
168.566
179.784
173.412
174.113
179.650
171.658
179.577
177.011
171.360
176.097
171.614
170.340
173.799
169.373
174.350
173.175
175.085
171.669
172.887
178.035
169.579
181.806
170.418
171.208
173.088
170.646
172.649
175.453
176.478
173.610
170.568
171.054
172.377
179.607
176.053
175.354
176.601
176.694
172.348
179.689
1.378
0.305
181.500
171.993
184.593
165.530
174.985
172.019
169.035
177.397
173.267
174.376
168.408
171.640
172.844
173.492
180.283
172.884
167.490
179.840
171.400
173.668
175.336
174.459
175.691
169.526
169.343
171.168
167.295
164.865
165.385
166.678
165.782
165.456
171.688
171.067
172.276
167.903
174.988
179.723
169.586
170.665
174.271
172.320
171.917
168.465
171.607
176.224
166.507
173.993
171.151
169.191
168.485
165.392
173.757
172.485
166.454
1.171
0.298
177.362
176.144
177.818
176.854
172.263
176.089
171.214
169.565
165.241
168.740
170.424
174.364
170.795
166.575
169.488
168.901
172.307
166.973
168.828
174.336
179.316
170.998
168.270
167.569
170.307
172.595
173.978
176.116
165.204
171.424
169.786
165.726
168.562
168.469
171.545
169.012
173.312
168.803
172.113
167.338
167.714
168.319
176.536
174.829
176.282
169.560
172.066
170.174
166.800
168.136
169.392
177.017
172.113
170.647
172.140
1.265
0.317
167.968
181.279
177.344
175.797
171.872
175.007
170.146
171.130
174.285
172.525
177.206
167.410
167.357
166.934
167.551
172.845
165.792
166.750
175.139
171.226
170.605
170.555
170.913
167.061
171.230
163.028
165.750
168.228
169.366
165.242
167.044
171.203
172.226
172.142
176.525
173.499
171.794
170.489
168.416
173.778
173.286
171.708
178.407
168.415
169.150
170.169
167.702
166.514
171.402
169.173
168.592
175.432
170.364
175.523
2.291
0.279
170.384
185.013
174.656
159.600
167.803
174.587
178.355
174.289
170.722
178.340
166.796
166.608
171.687
169.942
170.016
174.750
173.101
168.436
172.600
170.234
167.684
167.786
174.954
165.828
171.544
170.630
171.842
169.205
174.557
172.624
166.671
167.899
166.733
169.878
174.928
170.482
172.580
177.267
167.566
166.991
180.336
171.917
173.995
169.094
171.072
180.396
167.806
173.363
171.644
169.364
168.339
178.566
2.360
0.303
170.562
172.818
179.982
168.945
171.779
166.231
168.993
168.898
167.379
168.530
172.145
172.616
172.852
168.023
169.915
171.218
166.539
169.850
166.545
175.596
171.200
168.098
172.306
175.117
167.619
171.186
170.277
168.119
170.007
174.344
175.354
173.831
176.205
175.036
173.491
171.882
171.041
172.598
169.551
175.853
182.327
169.729
170.538
168.732
182.487
171.052
159.936
169.757
172.984
175.356
1.199
0.310
171.084
177.292
182.186
173.199
162.029
178.159
168.421
170.375
167.483
171.158
174.295
171.403
172.007
179.760
180.664
165.069
169.176
174.854
174.431
168.203
180.815
168.044
161.161
173.923
173.064
176.461
171.792
174.233
179.338
183.014
165.742
159.465
177.704
174.414
170.197
166.785
167.486
187.221
174.621
168.319
176.622
169.732
177.036
169.875
170.070
1.290
0.281
182.250
171.813
164.736
176.936
169.102
177.088
176.791
177.670
180.021
170.150
164.785
177.894
174.198
160.028
177.487
166.652
172.553
169.176
169.995
174.387
177.955
170.028
165.694
171.080
166.940
166.555
173.219
168.327
177.843
170.886
168.064
182.428
167.179
167.427
169.011
178.924
166.576
167.440
179.147
171.067
164.650
170.549
1.159
0.282
181.834
173.649
178.745
173.162
173.404
172.401
175.267
173.879
172.199
170.469
169.438
166.352
170.269
177.095
170.058
177.435
186.464
171.205
161.314
173.094
167.099
191.659
162.844
161.016
177.229
171.768
175.548
178.725
170.640
165.746
176.073
196.917
172.066
161.376
174.390
170.184
163.152
173.213
173.110
169.303
177.582
1.278
0.283
174.360
175.487
179.211
170.582
168.018
177.978
176.560
53.669
739.922
413.899
99.846
120.928
115.378
115.495
130.605
133.243
140.914
142.750
152.965
155.936
155.029
159.900
158.809
165.180
2.334
0.236
165.294
175.197
168.891
163.739
180.642
172.816
167.515
173.163
173.487
185.445
172.921
239.410
51.592
49.926
734.368
378.805
59.601
77.374
97.564
