6.260
0.753
0.018
101.997
184.781
121.996
57.487
123.908
106.015
87.350
49.514
24.806
45.072
110.926
141.888
113.848
150.554
70.606
40.926
28.813
38.053
42.081
60.372
87.758
105.021
98.751
114.003
120.018
134.082
130.949
142.177
144.552
143.950
153.169
139.878
158.383
172.326
174.457
153.150
163.659
167.493
161.750
176.173
164.800
159.202
54.491
478.019
332.157
124.023
127.019
118.041
143.377
155.936
150.316
158.277
163.679
157.393
158.785
156.723
168.354
164.458
159.951
163.781
166.924
56.257
733.807
413.126
100.479
114.332
116.897
114.785
130.974
139.723
136.992
146.296
143.563
154.217
159.076
159.031
161.687
159.017
168.786
174.923
166.900
161.927
165.342
166.823
169.889
177.687
168.571
173.585
181.285
177.143
162.849
176.373
170.383
172.812
178.911
176.302
173.468
176.500
178.419
179.206
174.524
175.523
169.325
172.476
169.993
177.414
173.828
170.839
174.771
167.266
59.316
727.379
409.769
106.610
113.453
103.163
122.273
133.274
132.587
143.797
142.187
144.553
156.425
169.118
157.181
155.966
168.267
166.483
176.562
162.017
171.609
167.561
172.114
170.883
171.685
174.951
169.199
184.284
173.810
169.023
58.565
48.423
728.692
407.652
101.020
116.082
114.405
116.919
124.291
131.143
139.403
140.515
144.973
153.175
155.172
156.879
157.958
163.838
163.917
162.540
161.745
161.014
161.173
160.453
161.886
161.469
161.140
160.180
163.774
165.773
166.535
163.744
162.261
164.347
165.456
161.724
162.602
162.466
163.740
163.166
161.678
161.394
162.897
161.116
162.754
163.166
162.445
161.118
163.222
161.901
163.100
162.851
166.214
162.509
163.061
164.476
161.173
165.865
161.811
163.214
163.256
166.199
162.687
162.347
163.479
163.496
162.096
165.005
161.282
162.111
161.496
159.834
160.591
160.709
161.840
161.090
161.617
159.741
162.417
160.786
162.538
160.936
162.344
159.185
160.117
161.532
167.587
158.945
154.208
160.498
160.053
158.769
161.104
162.164
159.525
153.216
159.547
150.796
156.733
151.176
149.603
151.468
149.428
147.109
148.157
150.116
148.853
146.402
2.443
0.346
146.687
152.998
162.187
160.284
143.780
132.959
159.721
157.078
154.061
160.071
161.404
162.627
160.431
166.580
160.416
160.386
161.872
160.557
161.359
161.573
159.454
160.316
167.323
162.303
160.913
162.290
161.782
160.062
161.573
163.887
163.040
161.720
166.297
160.621
163.295
161.352
165.562
162.781
161.528
160.765
164.686
165.252
163.954
163.552
161.162
161.789
162.810
160.918
166.545
160.047
162.978
160.484
161.501
160.742
161.153
163.723
161.644
160.867
160.751
164.929
167.405
162.574
160.227
162.437
161.178
164.547
161.664
163.211
171.075
165.678
161.354
168.389
162.872
165.415
162.391
165.346
161.153
162.208
162.868
167.090
162.452
161.661
166.567
160.496
163.491
162.815
164.627
167.657
161.832
164.042
163.102
165.160
163.802
163.118
161.800
161.614
163.419
162.754
159.333
160.502
160.622
163.966
158.858
159.782
163.000
159.023
159.320
158.126
161.561
160.272
160.988
159.312
158.224
162.507
160.212
160.307
160.819
159.044
157.607
160.090
164.072
150.292
151.535
150.646
150.197
148.823
150.392
148.873
146.341
147.406
148.521
149.426
3.326
0.381
146.540
150.701
164.474
165.371
166.044
165.875
165.777
161.857
164.944
161.734
163.161
161.953
160.755
164.353
160.832
159.997
160.070
160.712
161.363
161.247
164.447
166.180
161.942
163.564
161.924
163.814
163.246
167.054
162.629
163.557
164.904
161.934
165.263
167.816
164.519
165.982
165.184
163.299
162.552
164.765
161.984
163.726
162.566
164.510
164.642
166.602
164.064
162.411
161.105
162.799
162.890
164.169
167.846
164.721
162.951
162.723
164.211
167.506
167.611
162.417
170.985
161.749
165.718
169.229
161.905
163.243
164.873
164.540
168.112
167.429
162.902
163.583
163.638
166.549
161.871
166.675
170.210
166.819
161.112
162.257
166.705
163.102
169.598
165.366
163.820
162.585
162.630
166.730
164.195
165.905
165.435
163.604
163.588
165.554
169.202
164.791
164.515
167.739
164.561
163.056
163.466
161.907
163.335
164.557
164.174
160.549
161.881
167.521
163.562
161.606
162.107
162.517
165.692
175.541
165.222
164.151
161.370
160.425
160.705
161.682
164.926
164.691
149.491
151.335
160.048
162.518
150.559
151.461
156.308
158.266
149.124
147.439
146.118
152.979
153.455
153.356
146.848
3.354
0.374
148.129
152.056
164.173
168.641
177.540
169.739
175.022
164.759
167.358
167.470
165.835
167.068
167.247
162.269
166.192
167.426
166.006
172.310
170.556
168.867
162.511
165.280
165.332
163.912
169.663
167.568
169.481
162.723
166.717
170.477
167.442
166.062
166.028
166.101
161.496
166.519
162.884
166.063
166.047
167.862
165.802
162.574
166.141
164.207
166.574
161.742
165.068
162.067
162.701
164.338
172.564
169.910
165.217
1.610
0.311
167.621
172.780
161.095
172.296
167.479
165.157
173.139
166.584
165.927
167.488
165.795
164.965
165.062
167.568
165.434
167.870
163.166
165.112
164.721
163.907
164.145
162.321
168.333
167.294
166.536
165.234
163.233
165.394
165.902
167.498
168.548
164.447
162.400
165.873
171.002
168.651
165.090
164.866
164.032
170.463
169.251
162.387
165.045
166.372
165.211
172.585
170.967
169.793
170.650
171.759
168.422
161.924
163.893
171.387
167.331
166.149
169.345
166.788
161.315
2.692
0.288
164.148
170.418
168.490
170.930
169.015
168.798
169.359
167.282
167.253
164.801
163.699
165.273
172.764
166.913
164.864
169.969
170.654
171.934
167.317
169.204
166.043
166.648
168.675
167.751
163.966
167.284
164.369
165.905
161.391
167.206
166.869
171.129
167.876
167.431
170.311
173.105
173.773
166.434
164.676
162.873
169.818
169.892
165.120
166.843
165.617
171.766
162.350
164.445
161.762
163.402
166.369
165.326
165.529
166.802
167.235
165.718
166.914
166.634
166.502
1.606
0.321
174.843
171.580
167.358
165.159
166.696
169.491
163.928
171.718
162.743
167.758
168.080
162.404
165.575
168.309
163.186
164.808
166.325
171.703
167.161
164.060
167.609
168.243
164.080
169.340
167.033
165.196
170.527
166.146
168.603
169.843
165.211
165.013
169.108
163.942
167.602
174.792
166.837
163.438
166.575
165.738
168.319
172.448
167.416
168.189
167.297
164.043
172.126
167.225
172.134
173.313
164.894
169.326
166.809
167.455
170.483
166.911
166.573
170.273
1.669
0.305
167.290
172.307
166.158
165.890
170.893
165.406
167.234
166.607
164.713
163.668
167.032
165.077
169.800
165.166
171.363
165.169
161.916
171.712
169.220
167.447
164.627
167.887
162.615
167.764
170.761
170.887
163.695
172.398
165.269
170.427
165.681
170.693
165.580
166.727
165.759
168.888
168.203
171.355
166.349
166.170
170.651
167.391
181.628
170.369
169.495
168.799
166.587
165.149
170.284
165.190
167.645
169.634
169.566
164.590
164.630
168.189
174.728
1.722
0.309
166.316
177.376
174.498
169.414
170.935
168.020
168.610
168.083
170.494
166.552
176.040
168.899
161.409
164.950
165.810
161.506
166.108
163.854
164.043
164.112
174.033
171.750
162.223
165.679
170.314
173.890
164.686
167.194
165.130
163.465
165.008
165.339
169.874
161.750
165.201
166.851
161.508
168.180
166.208
172.353
171.775
173.427
166.961
164.736
171.278
166.387
163.989
170.025
169.934
164.076
164.851
167.637
171.968
167.776
165.625
172.156
1.560
0.327
169.022
179.363
167.361
169.630
165.724
164.487
167.694
170.668
162.125
162.541
166.831
162.719
167.294
170.164
172.053
165.986
167.252
168.172
169.350
172.997
169.151
173.001
165.611
168.509
165.764
162.571
167.696
166.711
169.147
170.542
166.156
172.349
172.252
170.823
163.715
164.215
165.909
171.676
177.534
169.164
170.989
173.363
171.518
171.024
167.431
171.840
172.124
163.566
165.286
164.721
164.322
170.131
167.618
170.910
171.869
174.190
1.549
0.268
173.880
173.479
173.063
167.363
175.186
168.001
173.105
168.433
174.333
169.812
172.947
166.452
170.407
163.493
166.244
167.497
177.822
171.454
165.531
172.573
163.417
167.968
166.857
165.725
167.908
168.283
169.190
171.050
170.787
164.136
172.231
173.950
175.294
166.469
171.259
173.530
166.471
166.904
167.245
166.718
171.184
171.237
173.472
165.517
177.117
171.110
178.476
174.192
172.814
170.348
174.960
168.015
176.966
171.397
171.634
1.551
0.292
171.865
171.272
173.626
175.878
173.699
162.802
166.212
166.920
170.992
171.822
168.447
168.293
165.642
167.889
166.611
164.987
171.909
172.926
170.819
167.075
165.502
168.188
169.236
172.536
174.550
170.313
169.908
167.329
164.044
171.010
170.747
165.838
170.242
169.928
170.873
171.803
174.771
169.611
165.367
171.012
169.047
169.513
168.208
166.304
171.780
164.167
171.456
178.820
169.472
167.807
175.039
172.980
172.560
166.826
167.743
1.515
0.304
175.541
170.730
181.797
174.680
173.498
171.406
166.625
169.945
174.149
173.181
166.323
167.145
177.239
170.421
168.369
167.801
168.086
171.447
175.611
166.549
164.758
168.662
167.945
168.507
169.217
168.911
167.880
166.004
170.755
173.584
169.233
166.848
163.793
171.950
176.670
165.292
174.452
173.821
165.366
166.184
174.078
169.276
167.807
174.112
171.222
171.666
172.104
167.310
165.271
169.046
176.770
175.320
172.173
173.433
168.528
2.686
0.276
167.590
175.433
170.553
169.191
171.220
168.856
172.483
174.664
170.892
167.576
166.747
166.279
173.969
172.652
170.288
171.117
172.530
168.763
175.020
168.843
170.771
178.071
170.930
172.367
174.436
165.899
166.531
172.590
165.879
171.876
181.774
171.333
164.338
172.992
171.929
170.729
170.129
177.892
170.149
164.870
169.674
169.889
173.201
179.853
170.696
171.470
172.004
173.719
172.675
174.152
168.533
180.949
2.657
0.315
176.427
177.085
175.081
177.053
174.853
177.560
174.618
168.218
173.300
164.638
168.846
166.174
166.326
170.173
171.902
171.657
169.100
176.091
173.413
175.767
172.395
175.335
169.536
174.975
177.054
168.012
163.792
184.253
179.035
162.701
167.508
168.612
169.132
171.397
168.309
168.478
164.139
172.255
167.938
170.591
168.156
174.438
171.846
164.968
177.204
167.568
175.624
190.509
169.087
167.597
176.410
1.502
0.243
171.464
173.100
183.888
178.622
173.867
168.571
182.116
162.588
168.636
171.008
170.679
176.623
172.294
177.391
167.902
52.117
740.523
405.401
102.261
110.819
106.948
118.973
121.717
135.502
142.247
145.030
158.176
149.593
162.762
156.514
162.198
2.250
0.265
161.705
169.386
171.716
169.687
174.575
172.640
165.280
171.434
166.798
174.766
176.865
177.618
174.931
274.721
49.423
50.040
736.714
366.631
56.998
75.697
92.013
