5.469
0.707
0.014
74.951
125.836
130.687
82.325
49.670
101.754
129.187
95.584
58.250
40.126
24.806
49.267
80.559
119.933
106.003
112.041
133.245
41.090
37.254
41.693
60.347
87.243
97.448
98.403
109.607
127.864
128.908
134.378
136.510
139.324
148.853
159.914
143.286
151.220
172.537
158.013
164.425
153.826
178.766
163.880
160.339
166.508
65.093
468.572
293.323
110.214
128.162
130.007
135.166
134.726
139.758
150.867
150.383
145.149
156.594
155.205
150.951
149.513
151.446
156.634
148.310
148.584
154.394
149.867
48.724
725.477
331.963
82.560
97.783
100.537
108.527
125.872
123.837
135.411
144.304
144.323
146.206
146.120
154.545
152.814
151.406
148.637
151.580
151.997
154.493
145.840
149.193
144.500
147.036
146.944
142.697
145.837
144.739
138.530
139.412
139.046
140.568
139.670
3.546
0.288
133.603
148.961
162.246
156.908
133.266
123.884
138.021
153.408
148.484
159.842
146.820
148.644
153.995
151.380
158.404
154.266
153.215
150.486
157.012
149.694
152.798
148.733
50.760
731.553
337.958
76.272
96.506
100.533
100.729
125.747
144.431
126.964
136.126
142.905
148.230
155.175
159.034
156.428
150.391
150.237
149.867
152.378
145.176
147.695
151.060
146.157
144.211
145.426
144.178
137.580
151.416
143.861
142.993
145.162
1.844
0.302
44.394
729.451
355.404
83.867
97.663
112.166
97.556
120.860
116.194
133.451
139.350
151.110
145.070
154.215
150.455
154.249
149.087
159.270
153.527
147.105
148.649
155.667
142.941
154.647
151.172
143.357
147.326
151.336
54.083
46.059
726.597
323.579
77.283
95.190
98.211
106.216
119.430
124.407
130.085
135.659
141.068
143.961
145.217
144.300
144.798
146.337
144.690
143.000
142.534
141.997
140.826
141.255
140.521
140.028
139.821
137.301
143.028
135.488
135.143
133.979
133.861
133.304
135.258
1.730
0.252
131.106
147.913
158.758
164.711
144.456
143.749
144.384
144.845
145.083
143.637
144.233
144.816
145.889
143.358
144.372
144.072
146.623
145.331
143.714
144.827
143.477
146.839
143.732
147.797
145.253
144.444
143.714
149.204
143.132
144.587
143.453
142.305
138.531
139.721
138.524
139.029
140.392
135.758
135.923
136.362
133.151
133.346
135.141
131.353
134.377
2.079
0.288
129.339
140.997
163.617
152.232
144.408
143.849
143.784
144.155
143.622
145.379
144.517
144.755
143.888
145.437
148.529
148.833
147.175
144.548
142.970
144.457
147.746
146.345
147.034
144.266
145.847
143.510
142.866
145.166
144.514
144.516
142.087
139.217
143.496
1.844
0.248
139.773
152.359
157.601
144.941
147.048
143.493
145.199
144.772
150.770
147.243
151.469
150.229
146.398
143.347
144.217
145.509
147.816
148.715
145.599
148.617
146.539
145.114
148.721
144.646
146.228
147.696
145.544
147.264
142.501
143.236
145.792
2.270
0.327
142.769
146.901
151.705
145.703
144.095
145.205
143.663
148.045
145.706
143.787
144.113
144.161
147.755
145.432
143.382
144.053
143.815
145.322
146.010
146.135
147.657
145.196
147.880
146.036
145.774
145.534
143.327
145.374
143.579
145.872
142.219
1.949
0.309
142.117
149.910
149.083
147.704
144.773
145.827
149.297
149.269
143.038
147.437
143.552
145.563
147.838
145.759
145.521
147.587
145.863
144.828
147.171
144.220
147.142
150.396
146.447
147.259
145.208
144.520
145.370
145.509
142.153
2.130
0.260
146.465
149.238
152.070
146.400
150.237
146.133
145.556
147.368
146.043
145.061
146.860
150.552
149.088
146.388
147.504
151.568
148.095
147.217
148.230
145.640
146.031
148.630
146.723
146.607
148.007
144.166
145.918
150.213
1.937
0.242
146.944
152.997
149.228
146.926
143.956
145.113
145.847
147.963
146.397
154.739
146.976
150.489
149.278
147.686
145.481
144.533
147.153
149.575
147.356
144.756
146.726
147.600
146.315
145.572
146.754
152.669
147.637
157.552
2.093
0.259
145.894
152.397
152.584
145.529
145.519
143.832
151.352
144.432
145.331
144.382
145.196
144.748
148.828
146.444
145.573
146.152
146.268
146.663
148.488
145.074
145.346
148.694
145.031
146.383
147.018
148.631
144.013
146.986
1.971
0.246
146.403
150.217
153.230
150.944
145.106
144.209
147.568
145.271
145.554
146.415
144.905
151.979
151.618
146.451
145.852
147.971
145.603
145.280
147.457
145.507
146.912
147.500
145.596
145.184
148.361
145.322
144.095
148.432
1.981
0.250
145.359
150.676
148.143
146.868
146.644
147.325
147.458
151.676
151.620
149.743
143.479
147.075
150.483
144.897
149.207
144.748
146.875
147.245
146.581
145.034
146.160
153.059
147.750
145.721
146.709
146.247
147.649
146.645
2.575
0.267
141.564
153.626
149.831
144.109
148.807
147.585
149.079
147.286
144.142
148.108
146.596
151.818
144.376
146.493
145.324
146.171
147.943
152.816
145.459
147.517
148.517
147.292
146.183
151.931
148.712
148.130
146.298
142.229
2.228
0.319
144.485
152.122
149.456
144.780
145.877
145.541
147.577
147.325
154.253
148.340
149.367
149.626
148.196
154.183
148.794
153.727
154.090
149.086
146.930
146.640
147.903
146.685
150.363
149.890
146.899
143.696
146.154
2.177
0.287
148.429
152.559
149.631
145.074
149.207
147.806
151.042
150.774
147.523
148.248
146.354
152.305
145.806
146.528
144.946
146.002
151.269
150.487
149.576
147.493
148.391
148.984
153.754
149.746
144.089
149.277
143.738
2.342
0.250
147.658
154.074
151.492
148.580
146.479
150.092
148.972
145.938
147.118
146.244
154.824
147.714
151.891
150.601
145.593
149.068
144.743
148.367
147.591
147.402
149.240
148.691
152.331
149.660
144.517
145.390
146.907
2.365
0.276
143.455
159.260
152.500
146.842
153.777
145.468
147.606
146.734
146.228
151.580
147.829
149.908
147.840
147.691
152.908
144.629
147.111
148.940
149.837
146.697
148.629
145.796
151.130
152.514
152.021
152.164
144.742
2.442
0.285
147.603
155.750
152.007
152.627
145.596
149.188
147.101
152.557
148.131
147.052
145.083
155.995
147.257
147.223
154.157
151.815
147.945
146.755
153.396
146.887
145.269
149.583
149.640
155.396
148.763
144.191
147.150
2.439
0.254
148.774
154.323
149.490
147.285
150.046
149.047
148.037
145.875
147.884
151.201
150.873
146.497
148.077
146.407
146.587
149.913
149.060
145.205
147.551
145.201
148.567
151.964
146.970
145.653
151.326
148.009
142.957
2.594
0.284
142.808
151.801
149.881
147.636
147.246
149.379
147.569
149.218
148.195
151.042
151.592
151.035
145.768
150.487
151.152
145.826
146.634
152.880
152.686
144.214
155.505
145.252
152.472
147.714
144.965
144.677
147.075
2.511
0.269
147.781
156.457
156.407
151.699
155.193
148.584
145.436
147.724
146.671
153.080
145.111
144.243
151.497
146.693
147.736
150.431
145.524
151.768
153.142
151.394
155.877
151.299
149.996
146.226
150.133
147.888
145.525
2.474
0.255
146.054
155.275
157.052
156.493
147.729
150.200
153.735
148.150
152.894
151.303
150.948
154.854
147.152
154.672
150.675
155.286
148.939
155.502
151.885
148.454
154.640
146.109
148.763
149.437
155.961
148.245
158.127
2.650
0.248
150.087
158.456
152.554
154.560
158.556
158.107
158.855
153.502
154.069
153.535
151.309
150.768
160.147
152.355
151.391
150.586
147.371
154.774
145.733
155.293
145.357
148.812
154.806
149.911
152.409
149.367
147.200
2.430
0.246
150.944
154.222
159.210
153.911
146.857
153.643
150.403
150.926
152.668
150.778
157.119
156.712
147.922
150.354
149.953
150.225
155.618
147.324
151.744
146.917
145.344
153.315
155.612
150.545
153.552
145.979
155.181
2.266
0.271
151.149
163.032
163.251
151.614
150.537
148.046
152.003
156.288
147.640
146.847
150.163
150.129
153.563
151.627
151.879
149.143
151.036
151.788
150.363
149.593
149.101
154.086
153.549
151.381
150.384
148.519
155.024
2.559
0.252
152.568
159.335
158.486
152.505
149.036
151.174
156.347
156.012
147.236
153.964
154.567
156.077
155.940
150.265
152.899
154.184
147.307
154.969
149.627
148.689
152.794
146.885
154.625
155.509
151.466
153.693
145.555
2.047
0.255
150.055
159.771
162.408
163.310
150.666
154.850
154.428
147.647
152.007
153.507
152.543
148.492
156.528
155.663
151.836
150.022
158.104
157.525
150.336
153.276
150.553
152.389
153.021
147.848
146.214
147.414
2.792
0.256
147.420
155.436
158.446
158.632
150.132
150.331
151.516
151.266
156.666
149.026
157.852
152.985
146.361
150.782
153.538
155.246
151.462
148.365
149.504
152.817
147.506
152.210
151.656
149.101
149.218
149.922
2.352
0.248
153.820
154.520
158.851
153.683
155.420
150.022
148.035
149.153
147.280
148.729
153.757
150.704
154.644
146.457
150.534
150.611
154.058
151.788
151.745
150.209
147.933
149.012
149.554
157.256
146.478
151.436
148.114
2.655
0.255
146.350
163.483
162.014
149.188
157.270
149.347
152.658
149.530
155.679
149.061
158.511
151.895
157.561
149.548
156.074
155.774
147.950
154.073
155.422
148.263
152.458
152.432
149.951
155.278
154.748
151.803
148.180
2.892
0.245
154.359
157.183
156.682
152.194
151.819
150.615
156.572
149.899
155.819
153.511
149.201
149.615
155.634
158.235
151.432
148.828
150.514
152.970
156.112
157.754
149.812
158.462
152.043
149.585
148.425
153.627
149.682
2.845
0.283
144.533
160.676
152.065
156.691
153.468
154.827
149.940
155.511
147.752
153.462
147.706
150.936
146.189
153.706
155.347
152.882
154.334
150.403
153.299
153.035
151.958
152.206
151.482
153.359
150.244
146.802
152.113
2.406
0.235
155.045
155.923
159.461
156.946
156.376
153.436
150.703
154.847
154.045
156.601
152.468
151.106
150.260
155.384
149.618
152.291
151.357
146.062
150.121
164.309
148.315
149.949
152.120
151.366
153.703
150.882
2.673
0.259
151.340
159.441
156.237
153.211
154.434
155.269
152.121
153.342
159.360
153.039
149.618
150.586
155.626
150.891
155.810
156.763
154.737
155.342
151.331
149.811
151.716
150.171
148.702
159.032
148.424
155.375
2.469
0.250
149.318
163.636
160.638
151.947
154.335
158.348
148.327
148.331
153.706
151.914
153.799
151.040
153.039
150.807
154.073
159.304
150.875
147.237
151.957
149.565
151.592
159.269
154.486
146.228
148.201
156.983
152.025
3.007
0.260
156.206
161.858
159.046
150.964
151.236
159.096
150.551
148.304
148.356
151.349
152.349
155.907
149.809
154.664
151.953
152.703
155.236
155.030
153.939
151.271
152.465
153.474
148.519
149.468
149.397
153.133
1.961
0.257
149.868
165.832
153.581
157.449
150.042
152.858
160.362
147.250
150.664
153.811
159.377
150.641
151.005
148.605
159.173
148.402
149.176
151.313
157.422
155.541
155.363
154.211
157.193
159.283
149.986
147.901
3.107
0.262
154.781
161.075
159.044
151.612
149.542
154.175
152.705
155.799
148.428
150.855
152.326
153.539
155.476
151.991
153.519
146.290
153.597
153.639
156.449
147.767
151.384
151.103
153.261
153.207
153.141
155.618
153.155
2.422
0.242
155.435
160.793
155.858
154.902
152.487
155.158
152.123
157.133
151.364
150.232
154.920
151.707
153.485
153.827
154.668
155.021
146.742
150.144
148.839
150.926
156.726
156.093
154.645
156.324
155.417
155.897
157.581
2.536
0.260
148.403
166.758
158.854
152.027
148.195
153.982
147.430
149.531
156.249
151.907
151.333
157.356
150.663
148.943
152.313
151.219
153.718
148.637
155.350
150.371
151.221
154.485
152.899
150.936
152.766
153.378
154.552
2.547
0.252
148.985
155.154
155.703
151.972
155.205
150.520
156.669
150.374
156.234
153.769
154.407
152.784
151.698
151.135
164.064
161.401
147.902
155.842
146.315
160.783
150.419
147.648
152.500
152.636
151.360
157.227
2.518
0.270
150.849
160.926
158.886
149.774
149.223
151.673
152.017
156.095
153.772
151.583
157.607
152.372
156.026
157.795
152.787
148.016
155.784
155.972
159.330
155.842
149.815
150.325
152.868
155.624
153.379
152.130
151.433
2.361
0.254
154.734
166.731
164.879
149.852
152.809
153.954
153.103
155.242
156.579
149.218
152.443
152.516
151.363
153.270
150.844
174.784
152.165
154.540
156.266
150.683
153.438
158.877
156.219
154.337
149.106
151.554
151.179
2.661
0.264
150.850
157.937
158.867
165.237
150.834
156.790
151.852
154.555
148.975
151.111
150.568
148.526
147.964
156.927
149.003
154.243
151.018
150.113
159.345
159.283
151.900
153.185
156.424
152.227
149.979
158.910
2.358
0.259
151.911
165.643
164.554
157.451
152.791
154.522
160.857
156.125
152.667
151.346
170.826
149.317
155.533
154.445
154.433
156.447
151.112
156.775
159.604
152.057
156.701
156.858
154.445
156.445
155.364
153.798
3.144
0.241
151.900
161.906
163.507
156.351
161.588
150.121
154.452
149.450
155.735
149.904
155.942
150.246
158.764
151.795
152.113
152.193
161.933
150.277
158.963
153.076
150.536
147.809
154.709
151.470
155.442
153.574
157.228
2.970
0.264
147.854
155.623
158.735
153.038
157.125
149.850
154.903
154.712
157.553
151.341
166.593
152.599
161.182
153.712
145.744
151.352
154.360
159.224
158.461
155.815
151.518
152.280
160.106
153.295
148.450
146.552
3.469
0.248
149.643
158.168
157.302
170.960
152.385
152.803
160.988
156.460
153.899
153.454
154.340
167.506
155.425
152.609
153.794
153.395
155.810
155.270
150.901
165.986
148.439
162.586
154.342
154.125
156.877
150.671
151.027
3.240
0.271
148.634
154.767
168.175
160.769
160.362
154.572
150.028
154.763
156.266
158.562
168.260
156.639
154.050
147.562
158.178
153.681
154.310
154.281
158.367
156.461
151.024
154.435
160.852
154.681
151.800
155.973
164.930
2.853
0.250
155.308
164.515
164.154
167.162
153.935
151.394
156.470
156.606
165.727
154.753
160.099
152.107
151.704
163.076
157.306
160.666
152.451
149.453
164.262
152.491
163.222
153.463
146.248
160.015
163.165
154.038
146.790
2.550
0.263
154.081
160.912
161.163
159.051
155.989
153.343
151.579
164.372
163.956
149.571
155.046
152.736
165.562
152.818
155.106
154.111
160.610
157.802
148.971
150.769
53.737
731.132
327.723
78.200
87.621
100.685
100.272
120.153
130.376
130.323
144.304
143.444
147.445
151.138
146.913
151.167
2.145
0.244
148.523
165.597
154.688
154.276
156.792
147.085
150.469
152.299
152.635
152.606
156.010
151.650
151.055
152.795
158.467
149.607
157.726
154.222
156.008
177.582
156.153
1.027
0.269
45.563
469.063
377.309
136.211
39.723
197.091
223.723
157.299
165.190
216.993
133.151
79.295
32.465
25.379
32.672
42.931
55.989
72.388
84.679
86.366
