4.593
0.634
0.011
52.679
119.169
122.752
106.900
44.554
102.198
114.138
113.829
61.692
37.817
22.633
50.986
69.756
112.182
96.982
117.473
146.003
45.495
36.481
31.422
57.343
77.711
97.120
95.975
111.238
124.751
133.104
131.443
142.201
142.155
146.092
151.110
153.956
167.070
141.561
162.116
175.129
153.873
172.656
160.746
159.919
161.947
182.338
54.669
460.161
294.179
108.220
127.160
138.035
128.299
137.814
141.734
147.974
149.658
150.287
150.744
146.719
148.946
147.866
148.760
149.394
149.459
153.279
151.356
149.175
154.487
247.155
47.536
725.432
342.357
73.975
92.983
95.968
101.579
123.388
124.854
127.449
136.571
152.750
142.908
153.727
150.550
155.588
156.850
148.943
147.999
146.499
150.681
149.635
148.776
145.662
143.390
144.889
142.673
145.165
141.168
137.117
140.806
143.482
140.094
134.779
3.645
0.304
137.133
146.719
164.424
171.168
142.041
128.357
149.940
157.255
150.941
152.039
146.603
150.658
150.243
149.415
152.428
154.783
151.138
159.142
153.065
154.279
150.754
145.846
156.611
151.832
148.069
146.242
152.648
152.404
51.545
730.198
339.568
79.741
97.256
102.350
103.127
123.196
122.657
136.478
139.937
149.358
150.794
151.645
154.557
155.603
152.712
154.596
152.125
149.455
153.460
159.448
153.003
149.281
154.738
154.262
145.070
151.312
147.644
151.883
141.519
139.385
139.511
5.035
0.336
139.109
156.563
168.340
165.841
51.239
47.410
721.312
339.995
76.020
93.469
100.707
107.263
120.575
124.274
128.459
135.270
144.895
140.920
151.029
143.048
145.517
142.552
143.255
142.845
141.038
140.239
141.102
138.611
139.323
137.969
138.045
135.798
136.311
134.592
132.600
133.300
132.540
131.063
131.583
133.380
1.728
0.283
131.003
137.976
158.108
154.421
141.418
142.897
141.994
143.504
140.961
142.541
141.879
142.256
144.655
141.650
140.694
145.240
142.851
140.422
141.699
146.455
142.666
141.499
141.622
144.484
142.537
142.074
141.570
140.514
142.874
1.523
0.259
139.557
146.146
147.785
142.935
141.939
142.001
141.985
140.321
141.942
140.987
147.749
142.475
140.108
142.269
141.194
144.101
142.351
142.393
143.109
142.285
142.790
141.408
143.316
142.873
142.897
141.715
139.624
141.121
139.422
1.393
0.304
139.491
145.192
150.642
142.489
142.966
141.085
141.377
142.250
142.479
141.462
144.321
142.192
142.484
141.521
143.743
141.286
147.576
143.584
145.128
141.610
141.968
144.539
141.720
142.349
147.598
140.538
142.978
140.163
143.469
1.686
0.354
140.447
146.285
149.831
142.128
142.864
142.156
144.406
144.148
142.447
141.898
146.531
142.826
142.554
143.255
142.848
142.761
142.801
143.151
142.759
142.401
140.363
142.974
145.553
150.028
160.566
142.564
141.945
143.436
142.331
1.337
0.260
140.349
145.329
149.623
144.035
142.546
140.825
141.164
143.200
146.863
144.012
141.860
142.484
142.704
142.799
146.971
143.030
146.501
142.311
140.789
146.590
142.275
141.189
143.557
145.278
142.460
142.495
140.212
141.263
1.474
0.306
148.207
145.652
151.706
141.933
146.351
144.656
144.427
143.737
143.322
145.444
141.398
147.798
141.250
142.041
144.513
146.457
144.687
143.693
142.664
145.210
145.152
144.980
146.254
147.129
142.245
141.946
144.702
141.116
1.564
0.277
140.827
144.733
147.731
145.701
143.982
141.910
142.389
145.931
142.899
145.672
143.533
149.079
142.438
145.168
146.940
145.068
142.954
145.821
143.268
146.691
145.232
144.359
148.109
143.832
144.270
141.451
146.067
140.831
1.621
0.309
144.645
145.381
151.342
144.638
141.658
146.400
142.880
142.884
145.137
142.647
146.575
142.966
143.621
140.965
146.008
141.871
144.358
143.756
141.151
143.267
145.085
146.376
146.183
146.981
143.591
143.118
146.522
140.551
1.474
0.272
143.862
144.964
148.891
142.180
145.697
144.599
145.677
143.794
141.731
142.523
143.112
144.855
143.313
146.658
145.040
148.136
143.489
144.422
142.925
146.831
143.315
148.382
144.980
143.323
145.748
145.360
140.179
1.233
0.264
140.594
151.468
150.327
143.825
148.458
143.405
145.140
145.930
142.989
142.065
145.705
150.834
147.494
144.986
142.493
142.081
144.320
144.793
147.577
142.817
145.766
143.861
144.285
144.345
143.808
144.827
141.783
1.863
0.285
139.135
146.253
147.701
145.914
144.302
144.803
145.810
145.154
150.571
144.264
146.456
141.316
146.781
143.838
141.339
150.368
141.626
144.100
145.062
145.169
143.021
144.050
141.774
145.102
143.947
143.073
148.114
1.888
0.251
147.091
145.771
149.034
144.584
147.834
151.641
144.593
145.149
144.885
146.208
142.827
142.050
142.694
146.578
144.696
146.071
143.132
142.891
149.134
145.388
144.206
145.547
146.806
143.902
148.836
141.829
145.623
1.977
0.274
142.092
148.180
151.383
149.855
146.822
142.554
150.547
144.670
143.605
149.273
147.177
148.326
144.971
147.595
145.597
144.076
149.108
146.011
148.064
146.470
150.338
142.934
141.688
146.071
145.895
144.812
142.372
1.292
0.275
143.449
150.551
156.627
144.219
142.030
144.334
141.023
144.307
149.097
143.539
144.238
143.234
142.000
141.967
147.217
144.661
145.301
150.735
142.919
142.820
147.523
145.311
142.251
143.782
149.481
141.598
146.017
1.586
0.280
149.649
151.268
152.923
142.928
147.413
146.571
145.537
148.382
147.379
148.369
141.727
148.102
146.123
143.607
148.458
143.923
141.889
145.123
150.054
143.362
146.809
145.336
147.195
152.158
145.078
143.683
142.702
1.259
0.280
145.119
146.470
155.418
145.384
146.666
149.089
149.019
141.501
150.568
143.762
165.102
149.101
147.695
141.101
143.857
145.431
148.021
145.611
144.138
145.201
145.791
141.969
146.688
142.145
146.857
147.332
146.548
2.036
0.283
141.522
149.645
149.155
147.542
149.866
148.187
147.190
146.482
146.148
144.713
145.506
147.638
147.308
148.217
145.026
144.716
147.841
145.439
145.933
141.119
151.195
146.783
145.733
146.565
146.845
146.031
139.924
1.336
0.266
145.235
149.858
151.470
141.365
147.353
150.730
146.533
147.870
144.136
147.559
141.946
145.526
151.643
143.229
146.650
147.921
145.352
143.870
144.659
147.034
150.760
149.723
146.547
150.127
143.107
143.482
145.876
1.419
0.280
145.926
148.525
149.824
146.386
143.665
143.323
152.086
140.912
149.178
141.978
150.852
147.737
146.608
141.467
145.304
149.904
143.295
145.042
145.767
145.470
143.534
142.340
144.302
150.316
147.388
142.234
144.506
1.232
0.296
140.882
147.947
149.825
146.515
144.115
146.346
146.963
147.958
146.404
148.362
143.554
144.475
145.186
145.250
145.542
153.281
149.501
147.434
147.456
148.396
142.815
142.490
139.830
143.309
140.418
139.931
140.234
1.243
0.273
145.329
144.480
148.222
148.215
144.257
143.852
151.010
149.493
144.443
147.767
150.109
152.171
148.745
153.225
146.688
154.430
150.989
145.028
149.285
149.507
150.295
146.850
151.138
147.456
148.278
149.955
1.439
0.267
143.404
152.852
158.970
150.261
151.702
150.203
147.971
150.200
155.072
151.908
151.635
150.688
150.608
145.402
152.454
146.331
151.310
156.789
153.696
150.328
152.281
152.299
154.809
146.235
149.556
153.665
1.715
0.271
146.054
155.378
154.797
152.626
152.047
147.878
149.292
151.505
148.239
151.598
146.685
149.214
146.204
148.144
152.861
148.309
152.770
148.884
151.545
151.984
157.845
147.558
150.279
148.074
143.625
152.041
146.519
1.934
0.265
144.944
157.062
157.417
149.151
149.847
152.097
149.418
148.168
147.349
153.610
151.267
152.525
150.140
153.412
144.814
148.050
153.330
146.694
146.140
144.514
152.042
153.710
148.983
143.003
151.487
145.358
1.410
0.271
149.918
156.629
158.065
153.630
151.132
150.370
150.899
151.797
148.807
152.266
146.254
148.007
163.885
152.561
148.814
147.907
150.103
152.425
149.101
149.772
144.339
150.318
148.178
144.809
150.758
152.390
1.164
0.265
150.648
153.712
158.304
158.139
148.407
150.414
154.520
145.125
148.764
150.137
147.347
148.565
154.343
148.463
154.366
149.382
147.906
152.851
146.570
149.699
151.893
152.569
148.895
151.924
146.564
153.599
2.049
0.260
148.822
156.505
156.493
150.176
153.519
151.362
154.963
148.554
146.540
153.830
147.197
149.967
146.460
144.240
150.696
147.177
149.634
148.432
145.448
152.671
154.200
155.474
148.659
150.065
152.415
155.384
2.258
0.262
148.475
151.604
162.135
148.977
150.041
152.244
153.252
149.696
149.655
146.122
148.754
151.375
144.333
150.291
146.311
153.576
150.698
153.917
151.790
153.395
146.379
148.818
148.265
147.270
145.126
154.520
1.709
0.265
148.580
157.191
161.577
148.644
150.292
149.845
145.230
149.472
150.466
144.494
151.716
143.362
151.817
145.133
146.653
142.875
155.206
163.382
153.418
151.753
153.108
151.732
154.318
144.582
146.913
147.401
2.363
0.257
155.643
156.675
155.066
149.712
144.098
152.591
150.870
152.400
149.649
146.253
152.914
156.591
146.710
149.912
149.815
148.270
149.623
154.837
148.808
146.591
145.904
147.837
146.084
147.197
151.217
145.789
2.018
0.267
145.579
153.912
163.028
150.144
154.357
148.369
150.876
149.309
152.001
148.243
147.723
146.098
154.035
151.255
151.946
151.933
153.267
149.048
149.991
147.913
152.563
149.448
148.373
148.101
147.905
146.371
1.189
0.285
148.747
158.303
156.703
154.743
153.440
146.128
151.319
150.273
148.373
147.059
144.289
143.967
150.279
146.133
143.881
155.372
144.662
148.367
150.109
155.445
158.182
151.754
149.035
147.786
150.273
154.022
150.530
1.319
0.268
147.794
154.002
153.769
151.188
156.057
154.034
154.302
149.248
154.439
144.190
147.652
148.989
150.536
147.542
148.462
151.333
146.847
149.858
143.471
149.936
148.764
151.967
146.288
153.614
147.900
155.801
1.282
0.254
152.525
156.852
165.684
158.995
155.380
147.800
152.865
146.655
150.919
153.371
151.737
149.482
144.628
151.203
153.357
147.476
145.801
146.406
153.194
151.175
150.805
150.373
153.146
157.354
145.615
147.588
1.848
0.268
145.280
162.036
158.173
153.904
144.938
148.884
154.828
150.743
148.781
149.315
157.317
150.869
157.371
153.532
151.476
152.230
157.770
148.793
155.091
150.351
152.518
149.542
159.735
148.068
150.480
147.826
2.446
0.254
152.577
157.109
161.001
149.860
150.659
150.464
152.542
153.776
148.662
148.312
154.535
147.983
150.880
149.801
146.457
153.588
148.566
151.780
149.909
157.168
149.524
156.023
151.099
151.142
148.640
152.398
1.614
0.259
148.583
161.178
163.374
150.679
154.765
153.035
144.439
152.616
147.650
148.198
152.487
153.058
148.614
149.642
146.666
149.639
147.413
149.125
155.471
152.737
154.906
153.706
154.403
146.330
144.269
144.178
2.084
0.254
147.820
156.127
162.273
153.555
150.885
152.255
146.147
148.596
146.952
148.602
155.305
152.452
146.223
148.155
156.888
148.412
153.132
154.006
148.303
149.606
153.770
149.422
152.869
152.453
149.687
151.222
1.922
0.251
152.456
158.336
160.355
158.634
147.947
151.490
155.560
147.700
150.624
151.180
153.311
149.421
150.565
150.081
147.994
155.704
150.940
147.366
147.911
147.257
145.868
156.422
147.712
150.344
148.397
154.790
1.806
0.255
145.239
164.931
159.195
152.912
154.080
158.251
154.044
146.462
148.963
147.487
147.994
154.651
155.238
144.359
145.784
148.205
146.330
145.215
153.186
146.350
153.630
149.758
148.912
155.878
152.298
145.503
1.494
0.271
152.521
156.247
162.421
154.409
160.442
156.034
152.078
148.236
150.214
150.185
150.076
156.305
147.191
148.200
149.024
154.074
155.627
153.299
154.813
153.821
155.326
149.584
151.469
149.436
156.098
146.954
1.869
0.261
153.553
159.023
158.584
150.643
164.870
152.119
156.894
148.654
151.435
150.489
158.388
149.732
148.164
152.874
151.157
156.950
153.018
156.487
155.096
158.301
152.925
155.007
149.209
154.149
145.749
144.633
1.818
0.266
159.690
152.434
157.528
156.135
154.932
152.703
154.286
151.899
150.228
150.123
145.447
151.709
150.706
156.908
143.520
154.252
156.362
155.144
155.773
150.100
162.065
153.290
151.182
147.130
146.173
150.333
1.112
0.265
153.836
159.694
161.492
158.190
152.978
158.472
148.441
157.028
166.832
151.407
161.706
151.652
153.906
154.489
147.125
151.474
151.723
150.691
154.098
152.526
151.698
152.259
157.874
151.912
153.315
145.535
1.094
0.264
154.644
162.824
157.512
153.154
151.511
158.456
156.246
159.069
154.501
146.502
144.755
150.582
159.514
155.952
151.935
160.774
157.667
149.107
157.144
160.918
151.821
151.587
150.256
154.698
152.995
148.354
1.111
0.261
150.921
158.510
156.213
151.572
156.997
153.274
157.893
148.980
155.884
149.757
157.496
145.962
154.219
159.085
148.153
151.871
146.026
149.298
57.546
732.383
342.716
80.120
87.530
99.722
97.876
120.226
133.647
129.677
140.156
142.032
147.971
148.106
148.824
146.833
1.975
0.236
153.299
160.159
155.512
155.125
148.712
148.850
152.666
163.073
151.278
151.458
154.031
163.626
147.287
152.666
149.098
150.061
214.662
49.939
48.622
733.577
300.472
44.477
62.731
79.101
94.113
