4.862
0.694
0.013
76.428
147.739
142.648
48.444
127.752
100.902
90.216
45.973
24.865
46.741
105.243
149.409
122.746
155.901
67.591
42.947
29.787
38.904
41.008
60.313
87.151
103.466
97.968
114.162
114.616
130.645
137.714
133.571
135.297
154.776
146.480
147.958
163.734
153.032
167.055
156.988
153.955
163.127
163.250
168.107
165.407
66.007
482.854
340.701
116.324
121.128
131.756
123.797
142.532
156.614
152.427
157.030
152.930
153.643
161.033
163.334
160.504
157.622
164.745
55.709
729.419
419.739
102.430
115.640
106.023
120.945
118.823
142.172
145.241
147.210
152.751
156.794
157.690
158.082
166.480
167.030
165.123
166.712
169.752
165.309
171.201
168.617
169.231
169.494
170.623
169.675
170.830
170.230
168.642
176.967
168.679
172.341
171.771
171.063
171.622
168.879
178.263
171.140
169.578
173.437
163.935
176.825
169.721
165.487
173.841
172.247
171.985
170.468
161.273
173.870
169.387
166.133
159.067
163.461
162.605
162.901
56.700
719.295
411.441
100.503
119.626
113.642
116.954
127.233
134.901
144.273
142.796
148.962
161.589
148.656
159.263
164.483
170.471
164.443
158.335
177.587
56.762
48.924
734.532
415.429
99.452
112.907
112.632
114.795
125.349
133.649
134.478
140.488
148.955
146.178
151.163
155.068
156.550
156.621
158.709
156.247
159.289
156.361
158.206
158.306
158.155
159.419
158.332
164.367
163.713
162.022
161.528
158.543
158.472
159.356
159.321
157.979
158.377
157.676
159.278
157.060
156.803
157.442
161.534
158.217
159.456
157.308
160.279
159.095
159.694
159.514
158.001
159.761
160.123
158.423
158.667
160.215
157.485
160.507
159.735
157.019
162.247
156.555
159.369
164.049
157.959
158.753
160.083
162.717
157.353
158.455
160.598
160.723
157.742
157.890
160.587
160.502
161.277
159.291
158.260
157.006
159.150
155.560
157.819
160.173
156.987
151.065
159.937
155.085
155.945
158.734
155.236
149.414
154.658
149.278
145.357
147.162
146.096
144.300
144.413
150.809
146.171
142.565
148.505
145.363
2.540
0.354
138.804
148.160
158.004
160.537
145.808
133.879
153.175
155.028
158.356
155.387
157.382
159.814
158.110
155.940
158.700
158.826
160.690
156.549
156.320
157.120
155.097
157.380
156.709
157.488
158.895
156.981
164.279
158.259
159.924
156.582
158.224
161.336
155.851
161.945
157.954
156.117
154.925
158.373
160.885
161.181
157.770
158.769
156.104
158.735
158.571
158.828
156.068
160.611
158.422
160.833
159.058
158.181
156.325
159.622
159.063
159.651
164.266
158.293
161.251
159.165
158.969
157.685
161.899
159.186
157.890
158.654
157.523
158.995
159.272
161.435
159.462
159.344
156.317
160.896
157.884
159.154
163.191
160.995
162.451
160.335
160.379
158.112
160.467
159.517
162.495
162.326
160.270
158.829
157.998
161.736
161.747
158.898
161.208
158.712
158.130
160.642
157.688
167.665
158.812
157.492
160.913
164.867
160.678
157.703
160.167
158.066
163.044
158.985
151.403
156.318
156.669
158.458
160.461
155.955
150.253
145.996
148.001
148.748
147.624
147.414
149.877
146.169
143.790
143.490
146.147
140.405
146.337
2.669
0.386
147.225
149.593
160.515
160.823
162.697
163.891
165.170
158.646
157.298
162.990
158.979
160.948
161.874
162.201
158.338
159.285
155.205
157.629
157.407
157.128
157.203
163.041
158.232
162.079
160.158
158.354
160.993
159.439
158.236
158.441
160.466
157.684
165.918
160.722
158.650
160.255
155.984
165.286
164.055
161.386
160.400
158.540
159.281
160.622
159.772
164.257
159.595
158.344
168.250
161.048
159.826
163.147
160.213
160.490
158.239
162.856
161.377
157.965
158.392
158.689
163.232
156.013
158.329
157.343
160.754
154.955
157.030
160.097
157.838
157.581
160.538
158.818
164.593
163.524
159.899
159.563
158.589
160.409
162.342
159.645
157.528
163.035
159.369
158.304
164.964
158.836
156.992
160.281
159.699
158.902
161.103
163.131
158.298
157.384
158.803
159.524
157.858
162.738
159.181
155.559
159.241
154.847
160.251
162.679
158.289
159.912
158.038
160.709
160.074
156.793
158.340
156.701
158.342
157.942
164.151
162.829
150.492
158.804
163.439
162.918
149.888
146.238
152.597
156.759
150.893
150.266
152.094
149.480
148.747
150.504
143.525
146.653
141.999
148.088
145.513
3.011
0.415
142.566
149.722
163.080
173.565
165.374
161.963
160.224
162.940
161.067
162.813
162.410
158.666
160.652
160.847
161.471
157.786
160.201
163.758
160.658
158.701
160.646
158.831
157.530
162.593
161.506
159.860
158.488
160.059
160.654
162.237
164.738
159.208
159.542
158.469
158.507
157.978
159.251
164.801
161.077
159.507
161.747
160.564
164.565
162.025
160.827
158.757
159.430
159.040
161.849
160.467
162.558
159.014
161.006
2.039
0.288
162.915
162.200
165.285
159.551
164.523
160.004
158.120
165.371
162.449
161.525
160.546
164.599
164.181
160.156
164.045
159.364
161.708
163.429
161.688
162.486
160.266
158.590
162.396
161.368
162.788
163.445
157.300
163.936
166.027
163.492
161.093
159.727
163.149
160.209
163.382
163.549
162.178
161.612
165.383
163.206
158.400
166.795
161.138
167.425
165.405
162.658
164.117
166.989
166.750
170.465
160.068
159.341
165.530
162.037
163.676
164.176
159.457
159.133
164.249
1.710
0.330
162.607
166.897
161.604
162.862
161.204
163.389
156.685
164.789
162.413
163.785
160.242
161.313
160.738
162.734
165.686
163.796
162.191
160.386
167.078
161.611
163.589
162.426
161.788
167.034
157.552
162.383
161.556
167.336
162.308
163.115
163.209
163.712
163.024
160.314
165.385
165.600
158.616
160.560
162.522
162.688
161.123
161.778
159.321
165.510
159.302
159.566
163.828
164.881
162.553
167.820
162.624
163.517
158.468
161.242
162.155
164.051
158.522
168.859
2.562
0.334
163.498
167.798
164.564
159.796
161.807
165.855
164.723
164.223
158.235
167.667
168.763
162.986
161.295
168.914
160.555
165.178
168.066
162.482
160.650
160.708
159.531
167.730
157.636
164.851
161.418
167.008
164.282
166.523
165.528
158.639
167.473
164.093
161.073
165.502
163.343
160.310
162.237
159.480
166.274
189.324
187.838
162.128
159.340
165.028
162.471
163.051
163.317
167.411
160.879
161.200
159.137
164.476
164.841
167.592
165.588
160.376
164.174
159.274
1.704
0.342
163.649
173.117
163.248
164.991
162.838
160.652
168.410
159.764
158.362
167.994
158.922
163.133
168.342
165.299
159.471
161.985
166.771
168.509
164.230
161.555
162.835
169.200
164.473
162.615
162.534
160.889
161.617
165.611
163.704
165.274
167.829
162.246
163.277
168.733
159.593
165.428
159.596
163.031
165.406
158.324
160.348
164.365
163.216
166.484
162.257
161.114
170.419
163.875
165.038
160.460
166.682
161.561
170.484
171.929
167.580
166.132
164.356
1.727
0.319
172.790
172.646
165.519
165.653
162.312
164.749
168.303
160.087
162.802
165.589
165.074
165.004
166.135
169.357
166.351
165.481
157.454
161.480
164.168
162.591
167.433
164.196
166.983
164.920
163.535
165.831
161.773
160.727
158.819
164.437
167.403
161.725
168.235
166.215
162.740
163.295
162.752
164.157
169.910
167.590
168.830
163.921
167.059
166.850
167.416
165.480
161.282
161.580
168.238
164.087
159.354
169.750
163.281
163.470
163.693
165.200
1.832
0.336
165.010
169.621
174.238
159.689
166.488
170.009
161.846
167.027
161.590
165.617
164.617
163.310
170.865
168.441
164.444
162.479
165.204
169.888
161.067
171.636
166.324
159.290
161.876
164.982
168.553
165.291
164.618
159.168
166.937
164.369
167.651
159.253
160.375
163.200
166.565
165.125
163.105
163.935
166.204
167.222
168.770
169.343
165.526
166.736
162.474
172.029
165.874
169.016
166.252
162.815
167.472
160.669
159.730
172.851
164.850
164.777
1.755
0.295
173.359
170.780
159.833
158.633
161.897
166.400
168.659
169.711
165.591
164.491
169.583
165.187
159.536
160.429
169.687
166.155
158.463
159.759
161.726
161.882
164.257
162.014
163.900
161.054
168.066
157.948
166.233
161.065
166.176
166.358
163.449
161.526
167.938
164.342
163.645
166.590
164.239
166.131
163.836
164.015
161.311
165.154
160.639
162.991
165.785
168.584
164.486
166.217
166.205
162.605
166.890
162.005
162.261
164.974
163.181
167.281
1.633
0.306
160.376
175.868
162.588
167.176
170.065
162.876
158.454
161.168
160.568
161.501
159.793
165.184
164.224
165.755
168.905
164.237
168.523
158.575
162.016
163.001
159.568
167.837
160.411
163.089
161.838
162.111
156.074
174.795
166.849
157.488
159.184
158.699
167.992
160.301
162.469
162.324
159.611
156.861
166.441
166.782
164.619
166.958
162.568
162.704
169.468
160.150
164.257
163.555
166.328
167.248
164.925
162.674
160.567
163.707
1.451
0.275
166.305
165.052
167.912
162.324
162.557
161.944
168.285
158.467
159.215
164.720
162.891
168.910
161.695
167.090
163.393
164.592
161.089
166.816
164.094
164.642
165.073
163.345
163.561
168.260
158.157
165.082
160.889
166.406
159.931
168.216
163.311
168.576
163.381
160.310
168.538
166.282
170.844
161.779
170.353
163.025
167.799
161.325
164.453
166.580
161.744
163.458
167.031
160.856
160.948
161.304
168.359
161.762
170.049
169.038
165.597
2.801
0.290
168.416
185.614
164.836
154.116
164.129
169.257
171.704
157.399
167.007
161.308
167.685
164.283
161.588
173.299
166.098
164.822
162.527
167.644
163.439
161.992
168.794
161.805
167.408
160.739
166.806
163.663
167.876
164.517
163.394
176.610
161.149
160.120
170.327
163.918
169.909
160.807
161.314
162.214
164.784
161.041
162.520
162.201
164.399
163.323
165.892
168.410
175.818
174.155
163.379
157.184
163.079
160.643
2.385
0.287
166.604
170.277
171.676
168.429
161.006
162.098
162.046
171.032
166.923
160.970
163.582
171.309
168.446
160.623
162.535
169.999
172.248
168.548
174.270
175.251
151.172
167.047
166.829
164.899
177.559
164.351
157.105
169.890
163.267
168.728
168.739
165.635
172.804
161.881
165.237
159.099
169.000
174.697
163.510
159.380
165.014
167.242
168.140
166.570
162.270
169.686
1.523
0.296
165.677
172.333
168.553
163.613
164.175
158.873
164.249
158.668
168.493
168.439
167.109
165.708
167.431
163.641
47.190
726.428
412.674
100.793
113.594
114.798
116.416
127.318
135.647
137.448
140.023
148.990
154.681
149.713
156.334
1.996
0.266
164.644
164.604
164.970
164.256
161.713
167.128
164.122
163.486
171.475
174.750
165.340
168.152
170.924
267.381
50.391
49.984
729.807
367.097
59.439
73.754
104.690
