5.925
0.771
0.012
107.675
188.480
128.149
57.500
129.067
105.026
90.167
49.824
25.397
49.095
116.637
141.262
123.064
156.135
73.346
43.091
29.628
39.222
42.347
61.686
87.288
104.199
102.789
112.642
120.088
134.469
133.532
133.782
146.697
144.260
150.259
154.847
146.949
164.169
167.048
155.010
177.766
160.637
159.778
163.320
168.650
170.103
55.439
484.859
347.313
120.139
134.425
122.569
143.298
161.352
150.666
153.114
159.809
158.274
159.300
162.010
172.405
163.600
166.900
165.140
171.799
175.705
58.234
744.957
423.734
104.346
117.542
102.468
128.925
129.088
131.677
146.178
149.006
150.748
151.184
149.705
159.309
168.018
172.137
167.385
163.081
171.757
173.063
171.813
177.855
176.870
173.966
175.930
175.758
171.953
169.794
179.981
179.708
180.578
174.656
177.656
183.111
171.958
180.400
178.306
175.391
178.768
181.725
173.302
173.337
172.349
170.398
173.830
179.251
178.114
186.222
177.943
52.639
741.485
421.643
105.582
114.971
111.242
120.950
120.508
141.583
140.219
147.611
153.886
150.597
163.247
162.548
164.692
160.090
173.134
172.325
57.987
50.256
735.893
415.534
102.014
116.704
117.338
117.400
129.251
131.735
138.927
143.990
147.474
148.577
155.275
155.596
162.112
161.840
165.614
162.757
161.668
164.323
163.991
162.962
165.634
166.109
163.790
164.407
169.928
166.948
168.803
167.127
165.813
169.291
164.013
167.227
164.264
166.125
165.810
163.407
163.730
163.393
163.189
165.223
166.963
166.820
165.918
167.079
165.976
164.638
163.212
164.184
165.582
165.681
167.483
164.168
163.526
164.132
163.355
167.407
163.890
168.259
170.136
163.447
164.828
164.414
163.708
163.910
164.771
164.043
164.640
164.045
165.555
163.671
167.429
161.701
162.149
167.595
163.307
161.112
161.562
168.522
164.701
185.807
164.391
161.434
161.583
165.206
165.945
163.001
155.714
163.213
152.998
153.415
162.865
160.703
156.424
154.237
154.386
155.890
155.348
151.860
148.835
149.008
151.074
149.319
2.445
0.444
145.220
157.222
158.892
166.992
150.131
133.562
158.021
163.480
160.686
162.675
162.904
168.141
163.944
166.543
165.644
164.917
165.359
164.333
165.070
164.031
163.967
165.213
162.983
165.477
163.411
166.142
162.977
169.742
164.810
162.723
164.240
164.706
165.420
168.247
169.048
164.591
163.424
164.994
162.453
166.011
165.496
168.023
169.310
164.384
165.013
164.122
167.684
164.179
164.483
163.827
163.968
166.365
166.861
167.844
168.409
164.275
165.270
169.160
165.466
167.657
167.884
163.161
166.498
165.217
169.848
163.482
165.240
165.103
171.502
163.574
166.959
168.060
163.941
165.122
165.176
168.088
165.233
163.555
170.945
165.244
164.993
165.710
164.376
164.820
167.017
166.967
167.147
165.735
167.929
166.509
167.771
165.697
167.622
162.700
165.540
163.298
163.268
164.334
165.769
163.369
166.106
162.459
163.070
161.850
164.534
163.613
165.782
161.369
167.591
163.779
165.338
163.130
162.011
161.537
164.393
162.226
160.932
163.247
163.696
164.111
160.929
154.125
162.599
155.028
152.051
152.792
157.112
154.828
153.529
150.909
153.433
151.577
151.464
148.898
3.573
0.393
147.401
157.463
169.440
168.832
168.460
171.419
169.554
165.481
165.509
168.945
165.995
175.338
166.899
165.221
167.228
173.814
166.323
165.568
168.920
167.454
166.268
166.414
164.864
164.209
166.045
165.056
164.938
169.627
169.452
167.973
166.143
166.717
165.338
170.460
164.828
168.909
171.222
168.998
165.492
164.167
165.112
167.650
168.329
166.756
165.807
165.346
168.772
166.201
169.733
165.944
169.530
165.147
163.764
168.588
168.384
165.085
171.760
170.764
172.212
169.066
166.483
166.316
168.545
166.787
165.369
168.154
170.701
163.975
166.304
169.598
163.206
165.786
167.229
167.542
166.272
169.081
171.088
168.871
164.012
168.893
166.193
167.812
172.044
172.193
165.878
168.167
166.559
168.166
166.096
166.823
168.723
171.160
169.479
170.412
169.878
169.439
164.992
168.226
166.693
167.493
165.661
169.531
167.931
171.151
163.384
169.696
168.279
168.517
165.022
165.763
164.021
164.699
164.781
161.736
165.722
162.190
168.161
163.947
165.008
169.398
160.484
159.197
164.723
168.886
166.618
153.299
163.890
169.457
162.160
155.845
162.588
153.407
152.619
154.568
155.323
157.110
151.964
155.686
151.398
149.374
150.255
4.084
0.395
149.443
162.792
168.051
169.331
170.708
167.314
175.156
168.360
166.201
167.383
170.332
165.937
172.141
168.569
167.878
174.820
173.489
166.349
170.701
166.105
170.185
165.561
170.310
165.876
167.227
177.322
168.091
168.664
166.321
173.731
168.284
168.199
166.896
167.138
170.742
168.920
171.391
168.412
167.333
170.639
168.103
167.416
166.632
165.880
167.703
165.519
170.947
170.038
170.308
166.173
164.570
167.023
172.897
2.480
0.288
166.435
174.799
166.348
171.105
168.086
170.234
167.858
168.960
171.385
167.264
172.809
173.275
166.265
168.469
169.596
170.912
171.596
163.787
167.894
170.423
166.466
168.309
166.074
170.163
166.556
175.055
168.008
166.361
165.797
172.249
165.624
169.212
167.078
169.785
172.308
167.912
168.455
165.682
169.880
172.728
170.371
173.447
167.081
166.242
167.480
167.055
170.411
163.473
166.665
166.854
168.550
165.473
170.845
166.838
167.515
169.637
171.126
167.096
173.372
169.328
169.593
1.779
0.317
166.968
184.854
169.853
168.375
167.332
173.413
175.007
172.394
166.190
168.270
169.071
166.266
170.535
169.448
170.806
171.977
169.581
169.937
172.523
172.421
164.084
171.660
167.084
168.427
169.139
171.067
169.178
168.107
167.549
170.253
169.608
168.432
167.683
172.802
171.152
171.972
169.352
167.332
171.620
175.173
173.665
168.746
168.642
167.955
167.195
167.916
172.211
168.143
167.667
167.257
169.880
169.248
171.633
171.014
171.745
171.840
174.929
169.940
169.084
166.721
1.849
0.331
176.271
175.878
171.761
169.161
170.024
167.140
167.128
171.693
170.838
168.968
170.446
170.115
169.647
164.360
171.644
165.947
165.619
173.386
169.840
167.815
166.120
167.518
170.399
171.474
168.452
171.806
167.001
171.956
168.151
169.704
174.066
169.947
173.248
163.568
172.447
165.283
169.739
167.373
173.708
173.146
166.304
169.308
169.805
170.872
167.147
166.311
168.545
166.280
168.619
166.392
174.725
171.096
167.605
167.760
170.909
169.415
172.389
171.213
167.546
1.965
0.339
171.098
182.619
171.972
169.281
171.574
169.661
164.404
168.676
165.677
169.324
167.314
169.681
169.131
165.807
167.965
172.171
178.885
164.643
166.074
166.116
172.079
170.339
167.381
175.142
170.295
172.975
174.123
170.607
168.162
171.361
170.156
172.843
169.972
170.911
168.553
167.069
168.434
172.084
170.773
167.050
175.897
170.690
168.257
169.100
172.326
175.212
171.179
172.287
169.562
166.029
169.197
173.874
177.132
169.870
170.191
175.106
172.412
171.266
168.612
1.699
0.306
177.557
176.936
175.783
181.794
171.326
170.817
174.775
174.370
167.936
173.628
163.987
169.969
169.504
170.384
166.574
168.372
177.686
165.859
174.447
169.522
172.389
171.573
171.581
174.660
171.152
172.179
169.761
175.072
175.477
175.327
166.861
173.083
168.923
171.131
172.331
172.060
176.651
173.679
168.258
168.009
171.026
170.189
174.769
168.927
165.627
166.586
171.488
167.672
173.886
170.091
171.450
169.743
171.598
170.491
172.518
170.655
173.100
168.992
1.680
0.333
170.715
181.446
171.523
170.603
171.606
167.663
173.838
174.824
168.981
167.773
167.816
171.175
173.358
170.618
176.211
167.272
167.330
166.570
166.647
177.692
170.683
166.511
171.560
167.901
171.281
171.287
166.524
167.751
170.750
176.108
167.824
166.616
173.409
164.470
171.434
164.882
169.353
173.832
165.781
171.324
175.707
169.663
166.517
170.244
164.474
173.644
167.934
169.901
166.417
171.240
171.774
173.720
171.452
170.435
171.172
171.303
172.082
168.124
1.864
0.312
173.939
180.800
173.141
177.993
167.355
170.793
171.869
165.183
170.153
170.837
169.792
165.618
172.544
167.054
168.113
167.384
178.137
163.648
167.932
168.333
173.353
171.600
171.243
171.225
173.597
170.319
171.077
165.699
166.773
167.991
168.061
171.261
171.594
167.048
167.681
175.181
166.674
169.689
172.186
165.853
175.415
168.741
172.676
166.386
164.655
168.209
168.430
167.565
171.953
174.518
163.572
167.858
167.239
173.683
166.473
167.680
165.257
1.883
0.292
176.998
171.302
182.723
181.828
170.390
171.703
168.141
176.339
168.712
172.928
165.111
166.713
170.184
177.534
177.603
175.927
174.282
168.138
167.666
167.150
166.611
174.824
173.928
176.723
172.990
176.618
166.651
167.191
174.982
168.051
168.940
171.207
175.583
166.733
167.265
173.118
170.461
167.695
169.929
167.840
166.938
165.744
166.346
176.085
166.317
166.927
176.908
169.366
160.770
167.361
165.946
170.872
168.961
175.731
171.460
1.592
0.286
172.243
172.973
191.681
170.753
170.631
166.287
166.822
166.421
174.752
173.793
177.947
173.382
175.535
166.643
177.507
175.651
174.917
165.003
170.679
176.371
175.832
160.133
167.596
167.174
175.090
171.391
178.069
170.481
161.780
176.131
171.237
166.781
174.553
169.173
169.132
170.234
170.615
177.420
167.040
171.788
167.213
181.297
166.446
165.822
166.169
178.794
168.193
172.608
3.994
0.286
167.993
173.615
184.891
177.767
176.210
169.545
175.700
169.418
165.483
186.933
168.556
163.468
169.300
174.341
167.978
172.757
165.339
171.721
169.358
171.876
168.808
168.813
178.744
172.967
168.208
167.645
166.317
170.983
163.307
170.096
183.275
177.563
171.061
161.380
169.269
175.635
168.349
178.275
175.038
180.516
168.466
155.314
167.745
176.175
171.060
165.472
176.019
2.460
0.287
173.553
176.524
173.349
179.963
170.044
176.603
174.448
171.866
172.824
173.622
169.634
171.754
165.731
171.876
176.315
167.229
173.301
170.342
180.561
169.391
155.833
168.119
178.248
173.337
177.778
167.175
166.793
188.630
169.323
168.011
168.187
176.290
166.177
175.255
170.379
173.091
165.300
171.017
174.368
175.972
170.988
178.402
172.506
173.801
171.040
167.743
167.529
178.398
174.186
177.321
170.277
173.561
1.577
0.277
168.262
178.546
178.705
171.203
174.990
173.395
176.340
170.942
175.336
171.081
171.004
177.721
178.921
166.970
171.409
172.729
170.204
179.332
190.068
172.517
163.464
166.277
170.042
177.629
172.241
176.907
172.260
169.904
166.997
167.835
171.907
174.799
167.008
169.278
167.883
177.543
180.078
171.153
171.572
163.141
170.737
169.276
166.180
177.538
166.651
170.017
170.219
171.204
177.052
167.985
169.350
171.500
1.583
0.288
167.753
189.340
173.641
160.545
172.092
172.835
170.232
177.270
170.114
172.199
175.490
167.837
174.548
173.038
170.157
180.660
170.195
165.040
174.303
177.897
175.296
165.902
187.088
174.234
168.119
169.827
172.431
174.392
183.621
170.409
163.241
170.620
169.461
170.887
182.690
174.861
156.282
172.477
168.593
176.435
186.700
181.780
53.599
730.067
419.581
102.065
115.073
117.454
116.032
127.448
135.233
139.372
141.276
145.746
159.649
150.777
164.303
163.059
158.683
170.676
2.084
0.247
166.849
168.863
165.768
167.989
169.818
168.944
171.934
174.556
168.596
180.581
168.512
265.416
53.166
50.982
734.554
378.391
57.844
75.021
93.621
