5.098
0.616
0.010
55.587
119.872
130.903
105.458
44.795
100.907
136.143
106.384
60.764
35.484
21.817
50.805
82.955
116.587
102.515
111.105
136.126
43.000
37.094
42.106
56.314
86.995
98.142
98.456
110.591
123.957
135.301
129.585
130.131
144.746
147.499
155.319
148.237
162.852
151.640
168.956
162.037
156.750
164.826
165.103
174.066
165.061
64.910
470.498
294.851
107.766
123.989
124.983
127.188
134.032
139.308
143.522
145.011
145.257
153.766
144.328
145.038
143.203
152.176
148.296
146.287
148.137
141.837
150.470
239.986
48.709
719.255
329.461
74.876
92.908
94.310
103.337
116.253
123.598
127.777
135.896
144.290
142.586
144.597
152.577
151.938
147.711
147.691
153.321
144.390
144.009
142.352
146.934
150.460
142.938
141.452
140.605
140.400
141.551
138.802
146.206
136.351
133.070
134.076
2.319
0.296
135.204
145.983
158.941
169.475
138.472
116.457
137.799
153.908
142.943
144.230
150.250
148.287
152.774
147.729
148.891
153.145
148.353
155.354
147.782
149.505
142.493
149.629
145.258
52.183
728.327
338.250
82.703
96.593
90.872
116.606
121.616
134.778
132.356
138.435
141.541
150.920
149.563
146.926
151.515
151.296
149.111
149.958
146.751
154.965
140.656
140.167
156.638
141.001
147.225
137.140
139.236
99.724
1.733
0.278
46.169
627.397
296.025
94.528
58.885
80.528
92.719
96.673
113.903
110.985
115.746
129.654
128.016
136.595
135.498
147.108
148.970
151.876
146.434
147.324
146.722
147.374
147.625
148.168
145.546
137.141
139.484
142.364
146.928
135.750
145.309
147.583
141.884
133.047
3.523
0.284
142.928
146.682
164.865
166.427
159.840
147.030
150.015
150.079
149.715
152.454
149.840
156.307
158.911
151.007
146.986
160.602
145.766
148.729
153.895
151.127
146.477
149.914
152.325
147.925
153.241
147.926
153.971
164.555
144.930
146.530
144.675
144.277
140.285
138.006
144.340
144.539
142.188
146.694
141.944
135.221
48.108
724.496
330.535
77.901
97.932
99.992
109.828
114.387
125.453
128.597
139.045
144.335
147.436
146.962
144.847
147.528
150.816
150.478
144.961
148.452
148.251
153.423
147.073
46.140
48.399
716.769
337.306
77.023
94.540
97.607
104.399
116.088
120.894
129.653
131.760
136.607
140.461
150.210
143.803
142.275
142.846
144.295
141.794
140.435
139.966
139.641
139.849
139.412
137.443
137.883
135.730
135.559
133.876
137.622
133.576
131.232
131.746
129.857
1.583
0.242
128.163
150.497
160.459
150.205
141.292
141.166
140.637
144.047
142.970
143.379
142.480
140.549
141.924
143.137
141.675
142.150
144.595
143.620
142.072
142.967
142.535
145.540
142.268
143.143
144.301
141.018
140.436
1.715
0.238
140.175
151.982
143.858
141.760
143.603
144.806
143.682
142.949
142.942
141.023
143.644
145.731
140.198
141.763
142.466
144.737
144.768
141.126
140.484
142.560
141.094
145.660
143.085
141.296
142.739
141.069
140.644
142.513
1.635
0.266
141.912
148.923
145.786
144.654
142.246
142.524
144.464
141.245
145.518
142.595
143.708
144.555
143.175
142.676
141.738
142.299
140.707
141.407
143.158
140.940
142.861
143.222
142.314
142.189
142.397
144.893
139.901
141.339
142.654
2.114
0.276
142.546
152.908
152.307
140.890
141.917
144.304
147.246
144.484
146.195
143.209
143.452
143.516
144.813
145.796
144.374
142.325
141.132
145.691
144.067
142.040
143.345
142.569
145.819
142.319
142.050
140.273
140.605
141.642
1.706
0.258
140.428
152.767
149.456
142.491
141.228
145.268
141.885
142.078
145.631
141.223
143.996
146.576
146.365
146.369
146.654
143.368
142.518
146.154
148.054
141.145
146.066
145.429
143.490
141.905
144.570
140.803
144.195
144.063
144.054
1.717
0.254
142.020
148.342
149.239
144.749
141.393
142.411
143.355
145.306
143.600
140.837
141.725
146.609
140.979
144.412
144.832
144.156
142.724
141.497
141.333
146.931
143.839
149.417
142.951
146.718
142.639
143.051
143.444
140.829
141.988
1.719
0.275
138.936
146.597
147.709
142.246
140.935
143.694
145.684
144.353
144.869
144.263
144.778
142.084
145.686
141.490
144.430
143.842
143.235
143.470
143.818
142.779
142.629
144.153
145.200
146.757
141.272
142.035
141.988
142.569
141.179
1.943
0.268
141.332
147.607
152.041
144.366
146.102
142.552
146.273
142.471
143.430
146.741
143.144
143.983
146.596
141.894
144.293
145.294
144.407
145.865
142.261
150.622
146.779
142.038
143.468
142.613
149.804
149.625
143.846
142.467
2.068
0.266
142.772
151.909
148.112
146.159
141.591
147.304
147.318
149.409
141.518
143.760
143.753
145.941
142.166
144.129
145.422
143.003
147.045
143.226
143.949
143.893
143.876
145.863
145.814
145.013
143.290
140.148
141.938
142.507
1.687
0.267
140.035
148.678
151.010
143.569
149.169
143.243
143.803
144.983
147.920
140.575
144.414
148.161
146.300
148.945
143.363
144.892
145.909
143.969
143.342
149.701
141.407
144.310
142.407
143.302
143.282
144.499
140.090
143.538
2.007
0.278
149.381
149.274
149.407
148.041
144.575
144.361
144.292
143.558
143.142
143.347
146.764
144.825
146.476
144.523
148.380
146.532
142.760
145.431
152.697
142.298
144.208
141.892
150.360
144.276
143.273
141.307
144.666
142.533
2.413
0.271
144.331
153.070
152.765
143.918
143.248
142.333
143.961
145.866
142.027
147.898
142.403
143.121
144.134
147.000
147.971
147.836
142.771
143.291
143.189
148.889
143.285
145.551
145.664
141.395
147.843
143.971
144.253
2.094
0.276
142.258
150.139
149.091
145.608
144.163
145.092
146.148
145.316
143.351
146.061
145.681
150.661
148.306
144.662
144.830
147.514
148.914
165.128
145.403
148.727
142.922
144.346
146.827
144.480
145.459
142.315
139.720
2.280
0.278
146.531
148.438
151.639
142.956
150.134
141.650
145.410
144.647
144.983
145.225
147.420
147.602
148.858
140.981
148.822
147.079
150.270
142.551
141.382
144.705
144.148
146.687
144.472
148.290
142.774
141.128
147.524
2.202
0.255
143.306
152.739
153.262
145.076
144.816
148.318
146.912
144.455
143.548
147.730
149.137
147.248
145.068
148.007
143.275
149.435
149.466
146.686
141.754
144.368
144.813
148.057
144.043
144.714
144.773
140.945
146.982
2.360
0.274
141.632
151.433
154.307
145.421
142.872
145.999
151.719
143.437
148.852
146.133
142.055
146.909
144.615
147.411
142.611
144.493
142.016
144.949
146.826
146.099
144.855
149.300
148.912
144.017
142.214
146.752
144.510
2.282
0.291
143.883
152.415
147.961
144.217
144.865
145.024
140.409
145.873
146.319
151.358
145.328
148.040
145.806
144.048
143.237
146.335
144.612
147.537
146.821
146.964
145.872
142.146
153.506
145.104
142.663
146.186
142.510
2.577
0.271
145.218
152.324
154.484
143.885
147.282
148.479
151.994
144.572
151.381
140.731
143.759
144.102
144.112
147.180
146.194
141.326
148.104
145.810
142.606
141.913
148.949
153.115
148.945
144.553
146.539
149.044
151.455
2.401
0.233
147.437
155.508
151.137
152.220
151.097
157.683
147.655
144.413
147.699
148.456
149.333
146.155
148.803
145.871
147.726
148.186
155.993
146.783
149.907
149.339
152.796
148.058
146.298
147.382
150.817
152.169
146.571
2.178
0.246
150.893
153.968
157.413
144.974
151.463
145.636
148.458
148.006
144.975
147.064
144.316
145.952
146.827
146.248
146.681
147.950
148.344
147.522
145.278
145.776
147.680
149.818
149.956
147.846
145.884
144.231
144.723
2.063
0.258
145.631
160.465
157.478
151.893
147.161
146.977
147.928
152.059
157.738
147.454
147.586
149.644
150.164
148.580
147.298
151.118
151.421
147.436
147.792
148.766
148.402
148.866
147.641
149.309
150.667
147.003
148.696
2.059
0.263
143.774
153.870
152.925
144.738
144.817
154.709
147.707
151.713
153.115
153.279
150.222
147.768
154.905
146.446
151.554
150.662
148.376
146.760
148.732
145.851
147.926
146.352
147.253
146.122
150.986
151.302
148.852
2.150
0.259
142.753
157.826
151.297
153.667
148.949
147.511
147.670
146.932
149.043
149.755
149.907
151.568
145.527
147.483
152.261
151.152
151.107
149.871
147.490
145.764
149.812
147.487
149.584
149.593
148.838
149.382
149.395
1.827
0.252
146.429
161.907
155.787
150.007
149.631
148.561
150.962
148.962
152.946
145.423
147.673
150.565
152.597
152.820
147.178
144.923
148.502
145.703
146.616
146.409
144.733
147.203
148.897
147.632
153.277
152.165
146.036
2.526
0.255
146.856
155.279
158.500
151.012
147.811
147.173
149.183
159.592
147.426
147.072
151.426
152.281
149.411
153.233
149.793
147.778
148.782
150.704
150.249
152.656
148.758
150.418
147.867
149.480
146.773
147.212
147.787
2.431
0.247
150.309
153.486
158.739
152.230
147.815
150.222
150.491
150.701
150.497
151.178
145.269
146.670
145.328
146.980
147.898
154.424
146.044
153.606
158.900
145.166
149.845
151.036
149.685
144.122
152.296
147.342
147.847
2.268
0.248
146.337
158.566
162.128
150.922
152.016
146.683
148.075
152.325
151.083
151.215
150.287
148.422
152.161
149.871
149.686
156.571
145.585
149.793
146.627
154.268
149.314
152.904
152.956
152.281
145.308
143.658
148.422
2.512
0.253
151.895
157.600
153.446
153.250
149.393
152.505
144.053
150.879
149.600
150.542
147.894
152.885
150.270
150.017
152.040
150.853
146.666
154.783
150.126
154.874
147.504
153.791
145.595
155.993
148.190
143.890
147.131
2.811
0.260
149.169
152.606
154.471
147.214
148.280
150.857
150.997
151.248
146.391
151.099
149.812
151.714
146.430
148.319
148.895
148.050
148.931
151.622
150.612
147.276
153.236
145.966
151.278
145.248
149.112
156.984
143.158
2.317
0.261
152.590
154.814
158.508
149.209
150.471
148.922
149.126
149.426
149.469
152.247
148.884
148.964
148.555
150.223
149.560
152.894
151.632
149.559
148.981
145.916
153.291
146.259
157.018
144.787
152.691
151.556
151.658
2.186
0.257
150.107
163.806
162.659
148.632
147.862
149.711
149.029
147.244
151.388
150.178
146.283
147.473
146.122
151.245
151.293
148.894
155.785
144.624
146.251
149.855
151.011
157.539
152.486
152.443
151.224
147.788
152.470
2.357
0.252
156.847
159.999
163.293
147.442
154.253
154.543
153.933
149.314
149.331
147.849
151.251
151.473
150.186
154.106
150.834
157.393
147.666
151.500
153.406
154.249
151.016
154.697
156.660
149.087
154.066
146.460
2.434
0.252
146.963
155.001
159.088
150.165
156.709
143.882
146.377
149.614
146.627
149.248
150.065
152.237
144.801
153.110
155.567
152.571
146.293
151.087
150.513
149.761
150.426
148.470
154.964
152.103
144.302
144.922
2.380
0.239
152.392
162.037
154.296
151.620
157.193
150.481
150.590
150.710
148.021
153.356
147.041
158.044
157.042
148.201
148.039
154.612
149.118
147.945
151.413
147.914
150.730
147.437
149.331
149.874
149.129
147.357
146.877
2.242
0.256
147.812
154.999
158.020
154.056
151.053
147.802
153.520
149.988
148.405
150.167
145.829
153.038
153.776
148.808
152.512
149.315
153.183
148.444
151.504
149.013
153.513
145.403
151.067
148.789
145.332
148.029
146.147
2.345
0.253
147.272
159.337
159.876
150.310
149.186
151.499
153.847
148.747
147.809
144.987
156.078
154.395
151.695
156.040
148.831
146.989
148.207
155.496
158.107
152.799
150.710
154.761
150.765
144.410
151.991
149.622
2.089
0.248
148.732
162.721
156.372
153.085
153.293
151.225
153.406
146.482
146.692
153.380
149.725
152.103
150.343
145.999
152.777
156.364
152.348
153.739
149.291
154.597
144.670
147.762
151.812
154.956
146.206
147.280
2.529
0.249
147.827
156.980
162.287
155.377
153.052
151.853
145.782
149.794
155.615
148.685
151.791
147.880
147.550
155.649
145.089
150.169
148.526
147.315
151.995
152.411
148.748
155.757
152.020
153.369
148.288
157.264
2.118
0.248
150.338
157.322
166.402
148.995
159.972
148.757
154.172
149.376
151.440
147.292
149.677
151.983
149.708
150.729
151.881
151.074
153.829
155.401
157.433
146.256
153.855
146.263
147.309
150.773
146.214
148.648
2.376
0.262
156.646
158.478
158.582
156.923
150.915
152.635
159.737
148.614
151.433
157.009
155.827
155.713
146.849
147.052
148.600
153.063
152.844
150.294
149.601
151.814
153.455
156.203
154.606
152.591
146.574
148.942
2.527
0.256
154.893
158.926
158.633
151.742
151.509
158.823
154.119
149.462
147.949
145.716
146.927
149.724
150.860
149.435
151.098
150.309
150.562
155.174
154.210
151.252
145.923
144.411
147.342
153.621
149.398
146.958
144.311
2.033
0.261
147.610
159.470
155.315
155.162
154.852
150.631
151.637
157.786
154.399
154.344
155.364
147.508
149.343
145.885
152.413
157.086
156.986
149.343
151.503
150.913
153.274
154.760
150.188
149.548
154.615
151.867
2.627
0.246
153.322
168.039
153.177
157.438
151.651
151.850
157.321
163.522
151.593
147.846
155.933
160.083
150.462
147.735
149.577
147.646
159.839
151.675
152.789
155.988
151.974
160.265
153.683
162.245
151.958
149.894
1.972
0.257
145.221
159.415
161.658
154.951
152.955
150.980
153.665
148.972
155.048
155.572
155.268
145.699
150.019
150.603
149.925
145.665
149.361
154.566
162.013
153.129
152.579
155.578
145.279
145.976
150.464
145.132
2.297
0.241
150.520
160.144
163.019
159.997
161.038
156.822
157.135
155.464
158.123
154.785
148.832
150.919
155.902
148.819
154.607
148.807
152.579
154.561
143.851
156.913
149.590
158.978
148.200
145.216
149.577
148.383
154.748
2.591
0.254
144.055
162.290
176.971
158.851
165.206
154.988
155.952
152.574
157.298
154.381
151.240
150.566
159.216
152.473
158.824
152.982
157.460
147.431
152.901
152.705
156.044
153.205
165.311
167.562
147.861
149.975
3.104
0.247
159.930
159.013
159.154
155.966
160.087
153.441
150.863
146.992
161.305
154.176
149.589
151.154
150.457
151.859
148.929
153.562
163.235
157.953
160.839
154.729
154.288
154.677
147.210
152.669
151.855
144.670
2.045
0.264
149.565
159.602
157.986
151.549
148.903
147.663
156.781
171.391
156.550
149.957
152.752
158.426
153.688
150.518
158.503
151.891
161.526
154.168
149.110
151.061
153.030
151.462
153.480
154.853
151.617
145.334
156.348
2.404
0.258
152.836
160.626
168.680
159.533
148.596
149.011
154.356
150.905
152.524
149.954
151.280
150.714
152.285
158.715
160.115
160.164
160.728
147.950
151.816
155.183
156.035
158.724
160.608
146.100
155.480
147.943
2.187
0.264
152.814
162.362
160.060
156.517
150.808
152.439
164.836
156.609
161.204
157.193
152.636
158.977
153.216
158.364
149.546
154.938
154.441
155.099
155.333
155.414
152.183
150.103
150.203
147.019
146.339
53.552
737.667
333.241
78.869
95.801
101.452
108.709
121.642
124.379
131.733
138.340
141.437
150.767
149.860
147.774
145.624
148.229
2.211
0.237
148.807
158.217
149.083
148.509
148.275
150.220
154.316
154.758
154.756
147.655
149.477
153.145
155.088
148.196
154.414
217.719
49.531
48.618
734.907
295.018
45.617
63.617
79.654
94.024
