5.636
0.705
0.014
80.629
136.626
130.044
98.958
57.671
101.329
137.110
120.452
65.194
39.303
22.028
51.706
85.036
121.374
107.170
111.775
134.766
44.134
34.545
36.652
57.283
91.330
103.345
106.647
104.366
124.555
135.323
139.196
135.016
140.914
152.359
168.354
166.595
146.519
152.597
162.215
151.685
177.090
160.579
162.705
169.315
173.074
158.050
69.508
476.115
306.183
114.263
127.223
111.877
138.157
145.303
142.604
138.866
147.451
153.666
150.087
155.525
155.240
155.473
153.902
154.166
152.975
154.694
153.980
153.264
151.781
240.866
49.634
734.972
337.979
77.551
97.370
96.812
101.845
116.684
125.762
134.099
135.934
142.693
151.493
147.422
152.301
154.861
156.993
160.327
152.343
153.541
150.544
146.560
150.659
151.974
148.081
149.269
143.790
153.939
147.010
145.136
151.322
139.295
147.538
5.028
0.279
144.760
151.435
165.443
156.565
136.485
131.741
143.336
163.855
158.248
155.246
158.680
155.593
163.482
156.295
166.694
153.408
159.116
159.979
150.130
162.988
157.803
159.743
150.740
153.085
151.705
156.511
152.007
157.417
152.168
147.688
157.526
156.289
145.752
155.227
142.963
146.884
147.687
151.390
152.115
54.053
732.819
341.923
81.784
98.075
101.396
107.303
118.432
128.590
137.575
136.342
143.046
152.440
158.756
154.282
157.328
164.442
161.660
155.367
156.242
175.066
147.066
149.539
53.337
47.716
731.881
340.463
79.514
98.397
100.110
108.465
118.716
126.320
131.807
135.299
139.800
145.058
153.168
147.518
147.490
147.706
146.132
144.822
144.690
145.711
143.573
144.663
145.141
142.123
140.443
141.486
139.572
138.298
138.000
137.698
140.625
135.196
135.620
136.066
1.884
0.283
134.054
151.026
161.263
152.522
151.267
149.221
146.578
147.248
146.066
146.696
146.330
148.281
147.373
146.575
145.756
146.911
146.682
148.700
146.472
145.718
149.486
147.630
147.929
149.330
144.783
148.487
147.267
146.750
147.527
144.376
148.562
141.957
141.803
140.567
140.463
141.589
143.538
140.073
138.051
136.361
136.365
135.072
137.592
133.547
136.742
2.278
0.289
132.382
145.093
166.024
155.772
149.009
148.070
148.030
150.894
146.374
147.185
147.121
149.784
146.959
148.330
144.951
145.435
147.903
150.119
145.980
147.298
146.881
149.575
146.494
146.489
146.256
145.698
145.570
144.519
144.041
143.912
144.930
144.420
1.783
0.246
142.512
151.477
161.135
146.663
148.543
145.520
148.837
147.672
146.238
148.135
146.679
145.187
150.796
147.147
149.297
149.079
147.297
148.683
147.812
149.438
149.954
146.470
146.380
150.891
148.044
150.312
146.775
145.686
148.341
145.720
146.714
144.842
2.183
0.300
141.120
152.477
162.298
147.041
147.708
151.933
149.643
146.808
147.970
150.217
146.540
148.404
148.957
150.306
148.110
154.496
147.728
148.057
148.047
147.279
150.170
147.224
148.097
148.853
147.225
148.892
151.588
145.400
147.132
143.691
144.799
1.658
0.274
148.628
151.495
155.346
146.425
147.700
146.345
151.662
150.784
148.407
149.583
148.875
146.675
149.044
148.179
148.488
146.743
150.864
148.891
147.900
148.761
149.350
146.585
146.018
148.628
147.281
147.129
149.884
144.303
145.006
1.513
0.301
150.328
154.799
152.954
149.727
150.145
148.108
146.711
146.778
158.156
151.717
149.236
146.975
153.234
149.491
147.929
148.980
155.430
145.999
150.513
148.882
149.253
147.596
146.352
148.361
146.320
151.376
147.092
145.773
1.811
0.261
145.842
151.531
155.049
148.846
147.898
148.930
151.732
152.199
149.542
147.853
146.875
147.732
149.171
149.318
146.329
148.102
150.201
152.293
152.562
149.046
149.902
151.987
146.486
147.404
152.111
149.260
148.746
147.101
1.589
0.277
145.527
156.115
152.319
151.962
151.284
147.244
148.630
144.993
150.611
155.100
148.079
147.771
148.306
151.490
147.906
147.077
146.671
147.310
148.662
146.590
150.085
153.178
150.379
148.718
145.482
148.115
145.657
147.735
1.838
0.300
149.417
158.813
152.446
148.825
151.625
151.565
147.407
153.456
151.319
145.299
151.705
146.802
149.686
149.664
146.370
149.508
151.300
148.337
148.562
151.026
150.026
146.757
147.692
147.500
146.831
147.490
145.626
148.620
1.618
0.274
146.241
154.942
152.981
147.054
148.618
152.507
149.679
147.012
148.049
156.474
149.123
149.372
151.259
148.144
147.459
147.521
149.202
150.159
148.536
145.987
149.444
148.204
149.429
148.588
148.220
149.727
148.930
148.048
1.772
0.254
145.309
162.346
156.334
146.823
151.825
150.013
150.956
151.791
148.734
146.627
147.793
147.165
156.604
149.067
150.351
151.217
150.320
151.189
148.026
150.181
148.259
148.880
151.501
149.446
152.089
154.806
147.023
147.459
1.575
0.299
146.880
155.840
152.862
152.585
151.156
155.625
152.382
146.360
151.223
148.996
149.455
152.317
149.089
152.911
150.208
148.953
150.693
150.549
153.179
156.437
153.351
152.907
150.951
146.537
149.556
150.478
147.944
1.383
0.261
149.439
164.982
156.911
149.769
151.668
151.438
149.311
149.543
149.749
154.134
153.663
146.099
147.891
154.383
152.947
153.472
149.359
146.675
152.023
153.778
154.033
146.568
151.986
148.076
150.542
148.889
147.394
1.485
0.263
149.485
154.211
164.345
147.248
148.490
151.250
147.626
151.973
152.683
146.929
150.431
150.218
152.489
148.643
149.471
150.259
149.152
150.098
146.895
149.150
151.645
150.087
152.738
151.837
159.430
150.374
149.562
1.900
0.281
155.370
158.437
155.674
151.722
159.789
146.926
151.918
147.121
145.745
157.395
153.030
152.202
152.934
149.712
151.085
150.232
148.685
154.043
147.598
151.280
148.734
152.303
151.106
151.398
152.794
149.309
148.042
1.676
0.273
147.131
157.773
152.217
149.298
148.711
149.860
150.981
150.393
149.344
149.114
156.091
149.482
154.710
150.632
151.614
150.504
152.442
151.457
157.532
150.893
153.267
152.590
152.122
150.511
148.501
149.702
144.731
1.414
0.271
146.164
156.983
155.401
153.444
149.465
151.672
150.105
150.893
154.548
147.081
147.622
153.712
150.197
147.225
147.880
153.852
148.799
155.503
154.368
151.926
150.925
155.880
149.721
154.612
151.645
151.096
148.461
1.431
0.287
147.728
157.900
158.723
161.694
155.266
150.622
149.660
155.769
152.837
150.166
148.430
150.462
154.347
156.084
152.479
155.169
146.236
148.760
147.402
149.944
156.749
151.089
153.248
152.440
152.134
149.610
159.637
1.741
0.234
148.292
156.082
151.789
150.503
149.689
151.325
154.024
155.231
151.327
158.687
157.780
149.665
145.115
156.348
150.607
149.669
150.748
150.534
151.116
149.542
154.827
156.003
149.195
153.589
151.372
153.794
147.924
1.693
0.272
148.341
155.981
162.667
150.231
147.176
150.459
148.331
146.720
148.774
149.175
155.515
152.766
147.280
147.747
149.708
148.760
149.219
150.002
147.787
145.582
152.262
149.292
148.114
145.328
153.912
153.262
152.299
1.295
0.292
153.291
157.889
160.496
156.056
148.597
149.634
155.697
153.212
156.061
150.724
149.781
150.879
149.022
148.049
151.250
147.070
150.656
152.061
151.508
148.618
154.119
149.055
148.191
148.036
149.810
147.262
146.374
1.937
0.252
150.450
161.041
157.994
152.206
156.757
148.496
156.617
156.184
152.722
153.289
149.502
150.597
149.300
148.065
149.170
145.666
148.395
148.031
152.413
144.182
150.644
151.224
145.463
154.549
150.022
144.856
154.390
1.618
0.279
149.977
152.789
161.750
155.046
154.890
150.571
148.579
150.193
154.063
148.027
150.931
155.960
152.913
148.273
149.613
149.073
154.399
151.397
151.294
148.467
145.094
150.455
154.375
148.658
153.334
146.265
148.481
1.617
0.272
148.298
161.415
160.408
153.222
155.324
148.833
149.873
144.847
149.466
154.282
153.107
148.994
152.991
153.445
151.663
151.641
149.104
159.371
148.372
150.616
152.867
151.174
146.779
149.155
149.960
154.630
152.822
1.219
0.277
149.374
162.566
158.777
153.030
156.745
154.580
146.546
146.325
147.766
149.399
148.104
150.810
149.205
151.214
153.312
150.479
150.637
150.498
150.682
152.926
147.352
150.232
152.849
145.902
152.672
147.759
152.400
1.493
0.264
151.308
161.568
154.313
148.860
149.652
147.209
153.503
153.569
149.805
149.646
153.844
154.891
150.983
146.386
147.855
151.051
154.515
149.699
150.347
150.080
147.964
154.329
147.781
154.149
148.008
150.572
151.149
1.661
0.275
153.740
160.740
160.731
155.917
150.102
154.186
150.388
150.264
150.056
149.010
150.169
148.762
153.223
153.591
147.786
151.832
147.365
151.676
156.916
154.603
149.984
149.343
152.894
156.688
147.361
153.580
150.670
1.349
0.281
152.547
158.791
163.444
151.430
147.805
154.938
149.088
147.382
150.226
151.638
149.673
161.554
157.728
157.299
150.578
152.139
148.534
151.736
152.381
150.520
148.631
148.793
150.937
149.702
148.759
151.865
147.060
1.489
0.248
153.825
161.385
154.804
150.767
156.989
148.331
150.977
150.066
153.652
154.400
155.433
154.715
158.981
157.112
153.938
151.436
156.516
156.852
152.670
155.669
154.597
153.314
151.574
146.760
159.150
155.663
1.454
0.252
158.638
161.729
158.318
146.262
156.447
154.735
149.915
147.777
151.203
149.798
152.780
152.968
152.353
150.316
151.290
147.075
154.309
151.170
154.439
152.031
157.199
148.379
149.733
146.946
148.562
150.039
150.808
1.730
0.265
151.247
154.785
154.700
158.430
153.562
150.611
150.392
150.962
152.511
149.355
153.540
151.377
155.249
154.392
148.553
149.928
146.099
148.278
148.876
152.179
152.816
154.014
159.140
145.145
148.852
152.440
149.279
1.721
0.274
154.670
157.922
154.502
154.740
155.493
159.621
150.736
153.488
151.280
154.356
157.334
147.007
150.814
150.837
156.311
151.922
147.096
154.682
149.113
148.036
149.969
154.998
153.626
150.246
146.734
153.157
150.825
1.272
0.268
151.761
159.188
159.877
158.895
148.976
148.810
154.800
152.570
158.651
153.332
151.333
147.462
148.535
149.613
150.208
149.653
153.820
151.242
154.962
151.718
146.453
153.007
151.367
154.507
153.955
152.767
148.884
1.638
0.257
150.250
158.781
163.520
149.543
155.504
150.081
155.620
148.257
148.892
150.363
151.101
152.089
179.085
178.796
154.613
159.566
155.605
155.058
158.297
147.993
157.691
154.052
146.771
151.670
157.398
155.919
147.792
1.221
0.277
155.702
165.747
165.502
155.463
149.656
151.028
151.058
148.044
151.737
150.511
150.817
149.966
152.836
149.924
151.432
154.758
155.206
149.460
151.059
147.897
153.223
150.036
151.479
151.317
156.423
158.779
154.612
1.827
0.251
156.673
157.394
158.345
156.724
154.244
157.661
153.147
154.371
154.507
156.483
158.119
151.876
151.111
155.644
153.039
154.950
151.715
152.183
152.763
157.612
155.406
150.971
156.995
153.094
151.435
150.363
1.154
0.265
152.866
163.640
158.663
150.575
157.073
152.426
161.342
152.616
152.697
158.305
154.568
149.643
146.072
154.973
154.722
151.257
148.732
154.126
150.242
157.222
150.715
157.308
151.925
155.622
148.961
146.536
148.441
1.967
0.264
152.804
158.061
159.922
155.132
150.033
156.480
150.139
163.298
147.690
154.498
156.128
147.377
165.620
155.150
150.746
151.143
147.994
153.240
156.338
148.988
151.293
150.617
149.848
151.550
157.094
150.848
151.507
1.619
0.280
153.580
159.946
163.842
160.461
161.360
155.320
154.719
155.339
158.422
162.460
158.578
162.149
163.908
156.534
151.752
167.431
155.662
152.644
153.190
154.894
157.801
171.310
150.542
156.022
147.631
155.118
1.559
0.277
151.581
157.172
162.396
153.714
154.050
150.608
158.878
150.106
153.600
155.821
150.856
153.632
149.997
152.768
150.949
156.643
155.171
158.069
152.065
154.366
160.453
159.742
157.856
160.225
158.670
157.436
1.534
0.258
146.202
157.106
158.657
157.193
150.095
149.904
159.760
152.672
157.329
157.281
158.438
154.518
156.192
151.863
162.855
151.654
157.691
150.471
154.412
158.056
157.957
159.657
152.500
155.155
164.403
154.128
158.606
1.236
0.263
151.729
158.359
155.599
155.260
152.151
159.466
158.026
156.032
165.325
151.563
149.490
150.898
153.720
151.398
165.541
152.222
156.798
156.258
150.039
148.416
154.562
156.346
153.380
152.481
162.362
148.741
150.108
1.829
0.261
163.804
161.251
168.136
153.021
160.678
155.957
155.324
149.110
149.741
161.648
157.109
163.033
151.569
150.893
157.932
153.370
158.098
154.739
150.774
155.619
150.159
153.822
153.084
154.239
155.151
149.310
146.261
1.741
0.256
148.368
162.029
157.537
149.077
153.382
151.751
156.636
149.734
163.199
157.065
155.084
166.538
153.621
152.332
157.424
163.584
151.447
162.003
167.542
153.959
157.638
157.790
157.366
154.188
157.774
153.334
147.299
1.926
0.272
150.154
158.568
165.093
158.458
155.045
148.329
164.278
153.063
150.443
160.121
151.758
149.413
164.036
154.786
150.681
151.641
153.958
161.311
155.848
155.717
155.240
152.351
150.090
160.267
162.149
154.504
1.723
0.270
150.292
155.717
53.416
736.575
342.817
82.930
103.425
98.115
105.865
119.955
126.983
134.049
140.503
142.055
151.215
159.669
147.008
151.308
151.438
153.306
2.095
0.218
152.528
161.512
155.022
156.602
156.747
151.762
156.177
152.452
163.328
157.495
158.717
154.080
150.030
149.813
189.337
47.505
48.171
741.191
318.132
46.764
64.163
81.283
97.776
