5.569
0.737
0.020
76.289
133.322
133.763
107.814
53.557
103.363
136.785
99.184
58.990
37.195
21.568
53.475
80.196
117.948
109.743
118.613
133.806
43.721
34.765
34.577
58.841
89.473
98.973
103.347
116.051
127.062
128.498
135.014
140.046
147.863
142.963
146.642
154.681
166.565
155.555
166.036
157.789
181.304
159.414
160.105
185.104
169.429
168.075
164.042
178.634
61.164
467.616
300.552
118.048
123.182
115.732
138.681
145.578
149.133
144.874
148.929
154.417
158.826
163.828
152.187
156.710
150.344
160.287
159.853
154.605
157.291
156.902
257.305
49.865
741.021
345.453
78.321
101.612
98.243
103.476
115.516
125.665
130.481
140.326
150.009
153.550
151.788
155.834
159.781
151.418
153.683
163.571
155.503
156.912
153.787
152.021
156.851
153.655
154.004
151.791
148.571
152.277
147.033
149.297
145.806
146.016
3.432
0.285
149.238
151.321
170.078
167.528
141.020
135.563
149.040
161.518
159.299
154.987
164.807
160.100
152.929
156.998
155.369
168.380
155.430
160.118
160.518
165.067
167.620
176.698
162.088
160.711
54.646
734.032
338.961
80.786
99.950
99.816
124.532
126.894
128.444
129.851
140.251
143.603
164.949
164.764
162.864
173.569
171.536
177.805
174.647
167.569
177.991
168.682
176.490
159.527
155.507
150.599
49.009
49.414
739.614
351.971
78.613
99.376
99.150
107.113
116.665
125.861
132.479
139.496
142.164
147.587
149.615
150.393
153.212
152.088
151.975
150.441
151.474
150.087
148.022
148.859
148.856
147.046
147.987
147.993
147.137
143.454
142.262
143.775
140.985
139.485
142.319
1.716
0.279
138.766
152.633
163.107
170.368
162.541
155.852
151.843
150.934
152.357
153.273
149.081
150.797
152.117
152.370
152.227
154.472
150.685
150.446
153.054
150.721
151.096
150.421
150.140
153.126
152.424
150.811
149.542
152.094
151.345
150.187
148.392
150.254
146.915
150.573
151.077
149.109
144.981
147.265
143.599
141.806
142.270
140.255
137.930
138.029
137.024
2.459
0.296
137.681
146.685
163.941
171.306
159.166
149.198
151.627
153.319
150.887
151.548
150.551
150.834
151.934
150.807
153.590
151.921
150.390
154.120
149.174
152.541
150.784
151.384
153.203
150.379
155.678
150.748
150.503
150.060
148.875
148.812
147.651
1.911
0.283
148.281
154.349
162.104
153.213
157.531
154.198
150.921
152.082
150.408
150.075
150.608
150.784
151.093
154.265
151.655
150.136
151.942
151.046
155.375
154.236
151.662
155.255
151.018
156.726
149.582
154.245
149.874
151.101
152.048
151.583
152.671
148.452
2.462
0.297
148.780
155.470
159.987
149.319
155.815
152.024
149.620
152.205
150.890
153.899
151.279
151.593
153.733
150.184
150.855
151.561
154.336
151.718
151.374
150.723
153.639
150.445
155.104
150.819
151.914
151.455
149.347
153.036
153.568
147.836
1.955
0.285
146.276
157.678
175.627
149.923
150.746
152.226
156.709
153.307
151.251
150.731
149.573
153.713
155.424
151.792
153.094
155.383
151.570
153.301
150.989
151.450
153.212
150.292
154.708
153.971
154.892
151.672
152.040
149.107
151.142
2.484
0.298
148.165
155.481
165.444
150.195
154.448
151.761
155.073
152.841
152.404
154.589
152.863
150.616
151.375
151.725
155.340
154.227
153.564
152.966
152.253
155.201
150.576
151.549
152.962
149.495
150.177
151.111
153.850
147.506
147.464
1.998
0.319
151.801
154.565
162.308
150.179
154.472
151.732
150.439
149.491
150.175
150.509
152.202
155.124
152.863
151.104
154.380
152.709
153.339
153.735
150.250
153.275
153.151
150.874
153.109
154.762
150.853
151.824
150.342
154.764
150.094
2.482
0.312
154.853
156.127
166.272
152.952
152.140
153.953
154.083
154.296
154.976
150.725
150.666
152.502
149.632
155.549
150.839
152.668
157.664
153.483
152.508
156.459
153.406
152.642
151.926
154.144
151.734
149.553
157.597
147.832
2.241
0.279
152.624
154.242
160.438
153.087
152.327
152.724
154.515
152.930
153.532
155.484
152.021
151.603
151.746
151.854
150.861
153.746
152.518
152.162
152.721
156.822
151.769
152.160
154.756
153.917
157.328
152.311
150.710
153.480
2.202
0.273
152.648
157.808
173.747
160.949
158.404
152.077
159.355
158.161
150.143
152.803
155.162
153.965
156.304
155.601
152.003
154.656
151.693
151.227
155.459
153.065
152.643
153.322
149.753
155.592
154.424
149.463
151.114
148.636
2.411
0.280
150.930
157.409
163.844
153.235
149.648
153.983
155.243
151.087
152.544
151.060
160.984
150.351
162.361
151.072
153.281
153.566
151.959
157.184
150.466
152.428
153.225
150.932
153.457
151.131
153.808
154.672
150.629
150.452
2.857
0.254
153.242
158.906
164.243
153.356
153.312
154.977
152.377
152.054
153.924
158.298
154.562
156.001
156.678
152.094
151.443
153.379
154.480
150.417
153.968
154.648
150.586
152.064
152.691
154.333
158.363
152.838
150.476
154.717
2.729
0.287
147.869
156.586
162.964
154.715
156.225
153.822
151.751
153.049
152.897
154.408
152.181
153.031
151.489
156.860
157.610
155.825
153.982
149.687
154.250
151.866
152.474
152.860
152.732
153.704
154.768
155.903
151.839
149.815
3.028
0.299
149.774
159.027
161.004
159.956
152.157
152.079
155.157
161.909
156.251
153.851
156.557
157.391
153.314
158.415
156.828
152.399
151.739
159.334
153.760
149.981
157.908
151.580
153.196
152.319
150.940
154.847
150.920
3.099
0.285
154.288
162.143
172.849
156.280
153.403
153.764
159.762
153.187
161.267
155.142
153.218
154.075
153.257
157.116
158.485
157.600
155.372
159.996
154.073
156.116
152.251
154.846
152.825
153.259
155.249
157.272
159.293
3.241
0.288
150.935
159.725
157.822
154.716
152.763
151.602
155.501
159.683
154.365
153.132
159.157
153.435
152.890
152.905
154.069
154.917
154.847
154.957
151.791
150.085
156.189
153.862
155.654
159.221
155.108
149.774
153.376
2.921
0.274
162.617
156.277
163.006
154.701
157.987
151.503
152.906
153.188
151.864
153.275
151.971
154.325
152.064
155.078
155.501
152.602
155.843
153.897
157.412
161.848
155.962
153.581
151.780
155.325
155.451
150.690
155.852
152.517
2.910
0.280
155.977
167.843
169.846
155.585
155.104
152.882
153.524
159.808
153.772
155.057
154.753
153.602
158.234
149.799
157.719
156.840
153.976
157.455
149.886
152.690
157.172
154.400
157.125
153.637
163.697
152.538
154.238
152.171
2.951
0.256
149.816
161.835
162.211
155.126
159.233
159.635
150.930
154.665
155.891
154.706
156.956
158.951
159.251
156.135
153.503
155.293
152.331
152.225
155.957
157.040
153.985
153.952
154.477
151.888
150.867
154.909
151.449
3.100
0.295
151.879
159.322
160.387
155.306
154.899
150.453
153.228
155.532
154.740
156.033
157.328
152.836
161.590
152.395
161.159
154.327
155.947
155.310
154.905
152.363
154.236
153.624
154.425
151.109
158.314
150.848
152.479
3.508
0.273
154.398
164.177
169.818
158.331
151.626
153.028
156.535
151.201
156.665
151.838
154.352
150.806
157.174
154.581
151.347
153.326
153.755
154.904
151.267
154.153
159.112
152.478
155.105
153.566
148.904
154.357
154.623
3.755
0.266
149.256
162.680
159.583
148.409
148.889
155.265
157.871
155.030
157.964
153.048
158.533
160.078
161.804
150.958
151.798
152.688
150.631
150.471
151.743
150.992
155.233
156.850
150.359
151.690
155.235
154.272
152.828
2.922
0.263
149.818
160.497
168.282
150.343
150.462
155.873
153.146
157.294
150.642
153.693
151.684
156.310
150.698
150.323
160.985
155.488
150.517
155.819
157.544
152.328
157.554
150.562
156.951
157.878
152.040
153.337
151.563
3.160
0.248
154.968
159.699
168.990
153.911
152.317
154.941
156.918
151.769
157.228
151.600
151.779
149.909
154.609
154.381
153.278
156.030
152.876
154.924
150.489
151.639
150.393
148.282
150.800
155.250
154.280
155.192
154.164
3.172
0.268
153.165
165.835
160.171
151.872
155.270
157.206
151.612
156.754
151.948
157.743
155.880
149.149
149.958
148.452
153.983
150.735
155.578
158.037
149.370
156.413
150.080
156.377
154.037
146.315
149.854
147.463
152.411
2.869
0.256
155.990
160.750
172.242
161.871
153.787
157.330
150.474
151.228
155.366
153.246
150.241
152.575
151.014
157.956
154.575
151.725
154.673
153.062
150.811
150.215
151.290
151.186
150.872
158.217
152.386
154.564
146.703
3.108
0.271
155.896
157.531
163.079
151.490
158.194
148.645
151.053
150.131
154.654
151.385
160.320
155.451
153.371
153.789
152.262
155.229
155.695
148.511
156.147
151.908
156.196
149.829
155.450
153.084
158.985
153.951
151.464
2.827
0.262
153.637
156.359
166.750
157.023
153.985
152.278
154.522
154.405
152.781
157.141
151.885
152.859
155.117
157.020
155.161
153.130
157.427
156.070
159.251
153.925
157.550
155.495
154.716
154.657
152.048
152.282
152.722
3.735
0.244
153.401
162.065
175.718
152.681
149.935
153.596
162.615
160.235
154.637
150.329
154.861
153.293
158.434
156.000
153.687
152.979
156.719
152.074
154.217
150.902
162.051
154.005
153.682
153.253
152.339
153.794
149.726
3.570
0.254
147.425
163.291
163.525
150.857
156.522
154.284
157.995
152.002
153.440
156.281
150.831
157.040
150.237
152.790
151.854
158.130
153.373
149.831
155.258
160.421
151.683
154.821
154.450
150.760
153.230
158.549
154.092
3.395
0.280
151.819
156.405
168.034
148.508
154.212
159.092
152.519
150.655
155.842
158.104
154.766
157.959
149.809
159.879
152.515
153.528
153.480
152.625
155.036
159.358
156.713
152.044
154.543
152.999
147.112
152.083
159.420
3.538
0.257
150.442
165.030
163.146
151.717
156.880
154.318
154.332
160.866
153.423
150.837
161.164
153.297
150.539
153.433
153.097
161.413
159.094
158.440
154.821
154.826
157.579
158.231
153.452
157.144
158.754
154.550
159.657
3.459
0.247
156.565
161.842
170.263
162.053
150.169
155.335
154.775
156.990
151.833
151.658
156.168
154.911
152.117
154.373
150.451
155.867
159.992
153.222
156.723
153.540
154.799
152.976
155.877
150.926
148.935
151.096
147.332
2.933
0.269
157.441
158.472
168.116
153.630
152.265
159.014
157.480
157.657
149.217
155.152
156.327
159.245
151.123
151.298
150.992
159.349
162.687
155.760
154.261
155.118
155.587
156.868
157.080
151.554
152.604
153.517
151.726
3.227
0.262
162.527
161.805
170.860
160.790
161.498
154.941
160.339
157.545
150.718
151.128
155.240
155.904
157.744
155.611
158.283
150.762
157.636
155.596
151.980
155.366
152.378
151.418
151.794
150.078
154.392
151.953
152.755
2.660
0.253
163.118
163.493
160.882
154.730
163.155
154.753
153.916
154.338
156.846
159.789
153.577
153.953
154.567
152.483
160.856
157.032
155.256
156.226
152.812
156.769
157.574
156.227
150.258
152.339
163.947
149.203
149.851
3.240
0.251
152.434
158.394
158.997
156.294
159.813
155.592
151.828
156.756
156.076
150.090
156.557
156.635
150.913
153.986
159.488
162.167
152.389
153.343
151.043
151.279
150.782
150.971
151.869
158.430
163.241
154.723
153.720
3.415
0.274
147.078
160.614
168.049
157.346
159.658
165.595
156.280
153.145
151.956
151.412
157.176
154.759
160.811
155.398
160.973
160.308
154.253
154.008
150.080
153.714
152.750
154.237
161.424
149.552
157.918
160.394
159.398
2.666
0.255
155.423
161.723
159.919
155.082
161.377
165.480
157.243
157.500
152.654
162.820
152.501
159.567
157.328
155.223
154.661
155.513
154.812
155.929
149.407
150.054
153.708
153.808
157.889
156.968
153.742
149.737
158.809
3.043
0.255
153.150
161.832
164.335
160.257
160.159
154.846
152.316
177.313
162.118
150.476
152.326
152.049
152.776
155.631
156.075
152.158
151.631
156.658
149.504
152.292
163.138
158.097
154.033
157.427
148.588
160.453
149.719
2.744
0.261
160.594
157.819
169.861
157.001
156.926
165.782
152.536
153.573
155.006
162.824
158.573
151.383
156.876
160.701
170.869
151.433
152.624
160.780
158.847
156.116
154.618
158.796
156.201
163.042
151.776
154.311
151.907
3.438
0.271
156.487
172.965
167.556
156.121
159.707
152.404
157.145
160.739
155.864
161.148
157.164
163.010
152.122
153.630
155.934
164.566
154.444
156.063
153.240
162.607
161.700
160.227
154.522
152.512
149.094
154.785
149.510
2.899
0.262
152.830
164.373
168.465
151.712
177.802
152.331
161.542
166.345
159.104
154.071
158.648
158.894
152.954
165.254
156.726
158.713
154.790
158.816
153.254
155.335
156.464
156.221
152.747
161.024
159.482
157.755
150.008
3.071
0.255
163.591
177.968
162.386
163.046
156.032
157.863
156.839
166.669
154.122
162.022
155.245
157.567
152.072
162.770
153.491
159.831
159.380
161.902
161.064
161.041
154.984
159.533
155.416
160.996
160.761
153.305
2.927
0.262
152.536
165.145
161.286
154.805
157.605
155.566
154.913
156.662
159.641
155.142
153.911
162.084
162.835
155.011
156.241
153.705
155.965
161.911
165.966
161.520
158.951
156.197
157.979
149.903
149.194
148.741
146.403
3.036
0.259
151.743
167.717
166.467
161.059
154.674
170.231
168.147
157.566
155.218
167.645
154.337
155.868
156.505
156.609
164.669
155.516
158.948
159.455
160.488
162.778
150.522
156.787
156.089
157.797
158.433
157.254
148.333
3.818
0.265
152.913
166.484
161.766
167.697
156.801
155.383
153.726
159.475
172.834
156.978
149.013
163.035
161.800
154.285
153.495
156.005
166.511
159.132
160.604
164.963
157.859
159.565
153.536
164.225
162.571
165.560
146.981
4.165
0.263
147.927
168.520
178.776
155.808
153.470
152.643
158.425
158.435
153.349
162.521
160.292
163.158
161.629
160.907
148.969
151.970
160.019
165.063
160.357
161.888
151.223
154.356
158.915
162.128
158.792
158.753
155.995
3.088
0.251
155.600
170.345
173.187
160.824
151.120
158.736
151.026
155.601
157.812
155.069
158.216
170.619
165.321
163.917
159.862
151.730
158.961
157.758
52.458
722.759
340.872
80.816
105.068
100.349
109.925
120.887
126.550
130.970
137.399
143.031
148.578
160.369
149.629
155.475
159.150
153.739
2.834
0.230
151.851
163.939
152.670
158.015
153.577
160.565
151.892
159.361
156.427
162.226
154.938
152.401
154.441
161.958
156.063
167.174
198.588
52.593
48.794
737.436
305.406
46.584
64.018
80.520
96.164
