5.305
0.693
0.013
76.813
129.430
137.593
118.296
55.586
107.429
137.177
99.894
61.405
34.398
21.244
50.764
84.983
118.854
102.938
115.294
134.780
43.464
33.370
35.000
60.187
88.927
95.236
104.988
112.567
129.123
127.259
139.726
137.988
140.265
151.760
160.231
141.894
154.061
162.113
173.225
161.572
160.710
167.030
158.650
175.526
172.059
165.350
58.876
469.491
304.190
112.042
129.718
130.964
133.314
135.114
141.663
145.301
147.973
156.072
157.300
158.301
155.381
159.102
154.100
155.155
151.249
155.091
151.842
159.423
245.492
49.138
746.201
346.812
78.320
95.540
95.096
102.471
113.579
126.820
127.013
134.095
139.435
146.928
155.803
151.860
156.687
149.269
153.267
155.950
155.407
154.038
153.764
153.180
154.311
151.274
142.210
151.050
146.214
141.477
151.122
141.092
142.482
142.073
145.088
3.782
0.274
138.919
149.612
165.385
165.251
145.449
126.981
143.886
160.285
156.019
156.542
158.190
160.889
156.206
153.891
153.581
164.535
149.302
152.299
169.727
149.593
154.345
48.098
729.155
350.249
84.272
103.082
98.580
108.585
131.927
124.419
132.181
144.822
150.059
147.629
157.502
157.472
156.300
156.894
158.146
163.605
156.716
159.560
152.649
160.765
147.634
151.098
152.333
158.858
151.336
157.838
149.289
144.556
1.667
0.269
46.056
739.517
330.419
79.977
99.875
102.225
112.563
124.893
127.962
131.871
136.331
144.711
151.764
155.290
158.263
155.127
156.878
153.437
154.886
161.925
154.656
151.412
158.114
157.096
162.144
156.956
148.915
149.621
153.724
151.599
147.913
149.360
157.230
3.319
0.276
147.099
154.087
167.806
50.725
745.225
328.948
79.987
86.866
105.791
102.697
118.368
117.097
138.621
143.344
146.738
147.960
151.197
158.179
158.478
157.298
155.366
157.520
157.966
146.046
161.232
144.441
152.093
148.804
146.176
148.870
152.044
149.330
143.054
52.199
48.553
739.956
340.912
76.492
96.020
99.514
107.269
119.110
126.269
131.291
139.608
139.891
144.928
153.699
148.881
148.025
148.307
148.062
148.221
148.172
144.843
144.841
145.585
144.516
142.918
143.240
144.739
140.862
141.628
141.724
138.668
137.301
136.860
135.494
135.578
1.581
0.240
135.043
155.751
162.564
157.653
147.817
149.448
147.293
146.956
146.999
149.911
148.235
147.346
147.122
147.419
148.751
147.317
148.150
147.319
149.826
148.393
146.795
147.949
147.266
148.623
147.369
147.444
146.249
146.531
147.164
144.808
1.842
0.246
147.238
156.169
154.824
147.397
148.619
148.546
147.144
147.466
150.511
146.376
147.586
149.229
147.376
147.825
146.335
148.610
148.078
150.355
150.335
148.979
147.022
149.762
148.790
148.182
148.455
147.798
146.642
147.304
144.277
144.511
143.849
144.635
1.536
0.244
143.785
149.961
167.318
148.195
147.564
151.280
150.171
153.183
146.596
148.728
153.240
150.959
147.294
151.196
152.466
150.197
150.825
155.249
149.948
149.872
149.707
171.618
164.051
148.934
149.051
149.076
148.549
147.291
145.803
149.023
144.903
146.025
144.771
1.885
0.276
144.228
151.811
165.791
148.362
150.864
148.401
148.018
147.386
148.316
148.977
150.471
153.159
150.380
150.745
149.456
148.183
148.414
150.538
149.425
147.525
150.789
148.626
148.985
149.351
150.142
148.052
152.960
150.622
148.006
145.514
1.432
0.280
146.109
151.816
153.476
150.416
149.378
147.715
148.391
152.379
152.572
151.221
151.187
150.971
149.952
147.185
151.606
148.068
146.849
153.134
148.667
149.185
149.786
147.947
152.028
149.022
154.640
149.426
148.297
146.879
148.912
1.629
0.322
146.453
153.768
157.913
152.204
149.321
149.313
149.281
150.112
147.579
149.489
152.469
150.566
151.261
150.329
150.918
147.885
149.633
148.446
149.118
147.375
148.387
150.051
146.591
148.894
150.002
148.536
148.644
146.867
1.493
0.321
149.340
153.173
158.240
148.315
149.544
150.393
149.026
153.260
148.813
150.756
151.270
147.933
148.256
148.983
147.208
152.360
151.515
152.442
148.955
151.398
147.860
149.367
147.525
152.709
149.845
150.057
146.552
147.929
1.484
0.282
149.522
155.848
156.837
148.519
152.234
149.226
149.372
151.800
149.066
149.821
147.826
150.305
151.894
148.470
146.913
150.901
150.443
151.205
150.118
147.526
150.101
151.182
153.231
149.880
147.048
151.834
148.320
146.731
1.651
0.323
147.984
152.075
155.236
149.653
149.155
151.630
149.149
147.939
149.999
150.126
149.322
151.890
150.089
151.056
150.156
150.669
150.009
149.677
153.155
150.121
151.015
150.515
151.970
149.471
148.291
146.599
148.056
147.997
1.646
0.280
148.236
154.474
159.276
148.097
150.110
152.882
149.243
149.104
152.694
152.197
146.713
149.501
150.431
150.121
149.827
150.250
149.517
151.108
149.797
148.661
150.726
148.445
149.459
151.955
150.515
146.456
149.259
151.612
1.676
0.273
148.663
151.999
161.336
156.685
148.681
151.800
150.405
150.152
153.688
155.278
153.678
150.460
148.153
149.122
154.201
148.989
149.501
157.366
154.615
149.577
156.333
153.090
154.050
151.056
151.263
150.856
153.010
1.705
0.272
148.478
152.727
155.010
148.479
150.997
147.473
152.251
149.287
151.875
149.120
151.643
151.264
149.871
153.266
150.292
153.840
152.221
151.813
150.687
148.279
152.737
148.627
156.623
148.656
148.772
147.852
147.655
2.124
0.260
151.086
158.279
158.135
147.626
149.342
147.710
148.382
148.664
147.879
148.364
153.346
156.936
152.644
154.126
151.771
152.842
155.159
150.826
148.601
153.505
158.479
153.185
148.638
150.315
149.204
153.168
156.620
1.678
0.279
151.503
151.436
157.003
159.528
152.179
150.575
153.426
154.593
154.035
152.167
154.242
151.418
147.047
151.584
149.257
152.225
149.150
149.328
151.205
152.058
148.507
150.151
155.488
150.180
151.766
151.606
146.687
1.842
0.267
150.636
157.540
157.717
156.019
150.502
148.307
156.605
153.931
151.818
154.234
151.998
153.283
152.872
151.138
149.965
153.120
151.335
151.969
153.315
149.516
152.190
149.849
160.594
155.221
150.173
148.814
148.366
1.796
0.262
151.153
156.487
157.102
149.459
149.504
151.367
150.871
156.910
149.768
149.338
155.103
149.435
152.353
153.188
153.393
149.484
156.216
151.323
154.613
149.781
147.207
151.659
150.307
150.162
156.092
147.953
147.858
2.063
0.268
148.932
153.886
164.267
152.787
152.093
154.461
151.610
153.155
151.550
153.125
152.827
148.267
149.537
151.087
155.304
153.437
148.392
155.081
152.009
151.329
157.174
151.324
151.251
150.785
146.332
146.774
148.743
1.797
0.279
159.604
155.721
155.780
149.151
152.934
147.624
150.738
150.010
148.579
151.854
149.066
151.201
151.640
152.850
152.828
153.073
149.493
149.904
150.572
149.809
150.836
154.313
154.597
152.011
148.422
146.548
148.612
1.911
0.269
147.172
155.625
154.637
148.037
158.760
153.814
156.733
151.440
152.141
147.565
150.184
156.228
152.369
151.736
150.500
148.474
153.666
153.038
148.996
154.162
149.399
151.157
150.735
148.884
152.662
149.505
150.994
2.176
0.255
145.506
152.798
153.683
154.304
152.394
150.257
149.972
149.971
153.131
153.355
151.649
151.873
147.777
153.211
150.859
148.889
148.970
150.057
153.114
150.975
151.862
149.350
150.941
147.781
150.468
149.584
152.912
2.429
0.253
150.435
154.609
158.541
152.010
156.025
151.940
154.254
150.088
159.739
147.353
152.474
152.797
149.692
148.423
156.705
148.549
148.862
147.706
148.480
148.318
150.248
150.536
149.308
149.349
150.637
150.422
145.449
2.323
0.253
157.875
160.020
163.850
159.197
154.360
161.995
154.308
152.439
155.268
155.931
150.843
152.902
152.989
150.547
157.834
157.798
158.134
152.028
153.923
148.361
148.982
155.541
153.143
157.223
157.502
149.816
1.423
0.257
160.726
157.481
160.695
157.631
152.112
150.732
158.248
151.121
156.245
148.163
153.711
152.691
151.344
150.478
149.681
150.443
156.033
149.648
146.454
151.405
152.948
152.331
151.278
151.625
150.150
151.005
152.633
1.815
0.270
146.096
164.390
157.906
151.848
152.931
150.107
155.422
150.523
154.841
153.360
157.714
151.479
152.597
151.250
150.511
155.030
157.230
154.218
158.805
148.475
156.674
160.908
149.524
148.083
153.982
150.783
1.796
0.246
150.051
160.209
157.397
155.932
148.311
155.262
151.979
150.951
153.619
156.048
152.131
154.327
152.666
156.518
152.286
155.923
152.212
156.733
154.614
151.528
151.042
149.858
156.084
151.036
152.925
162.134
1.760
0.263
153.931
156.302
162.069
153.619
152.793
150.658
152.679
149.538
148.871
157.433
150.859
153.132
153.326
149.349
147.812
151.072
153.534
148.537
152.122
148.179
153.569
156.508
150.707
150.219
151.563
153.684
147.148
1.860
0.239
152.468
158.370
164.342
163.502
155.577
151.678
153.376
153.142
157.098
153.682
156.183
155.953
156.971
150.485
150.275
157.061
149.045
153.088
152.529
151.637
154.092
150.432
152.949
153.418
151.542
151.736
152.845
1.622
0.251
151.126
158.837
161.000
158.759
151.375
152.652
151.280
148.741
153.288
156.758
154.012
155.048
152.814
150.555
156.054
157.223
160.292
149.964
150.950
155.433
147.590
160.479
150.714
149.495
150.175
155.394
2.221
0.259
155.288
166.362
163.782
153.451
153.450
156.549
153.936
157.333
152.099
153.866
158.730
153.812
155.057
152.352
149.870
163.484
150.401
156.456
157.124
157.026
152.660
154.425
147.547
149.035
149.677
153.185
1.993
0.250
156.352
162.159
163.619
163.439
152.476
159.684
148.474
153.189
150.976
152.564
150.343
155.461
152.510
154.072
157.005
153.458
154.081
155.077
154.035
154.020
154.487
150.169
162.654
153.471
155.433
155.799
2.173
0.265
154.524
157.355
155.999
158.260
157.761
152.868
154.798
156.595
157.232
154.078
150.737
152.765
149.331
153.217
153.235
156.523
153.442
154.198
157.388
149.823
154.629
149.391
156.873
152.512
152.929
150.011
1.628
0.255
153.520
155.326
165.531
161.993
154.971
151.421
155.302
152.833
151.006
156.252
153.612
151.084
147.908
155.303
158.399
159.459
153.306
154.828
154.198
152.419
156.703
153.666
151.354
158.570
162.088
154.835
2.030
0.242
158.823
162.244
162.656
159.975
149.428
153.449
157.891
147.323
154.759
151.685
152.945
152.896
157.410
153.440
149.910
155.164
157.024
153.041
153.145
152.309
157.500
152.993
151.919
153.845
156.722
155.398
1.651
0.248
158.314
155.289
162.889
154.924
149.192
151.723
152.822
155.256
153.787
157.235
152.131
153.345
158.092
151.096
150.545
151.316
155.542
151.841
149.396
161.300
152.091
149.622
157.153
154.994
155.232
160.468
2.230
0.252
155.663
156.315
162.331
152.388
152.746
156.879
149.427
156.811
161.346
158.178
147.799
152.530
149.879
157.492
159.281
148.512
150.991
152.267
153.824
155.701
147.909
155.753
156.129
150.468
158.230
152.559
1.769
0.255
156.760
156.768
156.692
151.126
152.221
158.496
161.618
155.425
161.682
154.542
152.419
154.987
157.205
152.766
152.938
151.321
150.849
156.898
157.300
154.902
152.384
148.935
156.073
156.156
156.918
152.378
1.915
0.253
156.569
165.874
159.984
155.343
157.175
153.449
155.293
155.129
154.947
157.046
152.249
151.700
153.930
156.678
155.715
156.081
156.853
153.578
155.215
152.023
155.710
157.253
154.125
152.234
155.556
151.122
1.689
0.258
151.393
162.010
171.255
152.995
150.430
150.832
158.341
155.362
159.229
158.962
156.554
158.803
151.830
154.744
153.622
154.362
153.692
155.692
158.391
149.218
150.984
152.765
155.919
154.457
159.303
152.207
1.403
0.247
157.288
161.500
159.231
163.233
155.363
154.643
157.063
155.499
160.854
153.287
161.826
150.323
150.673
155.171
149.578
161.051
160.261
152.349
157.626
158.005
159.605
157.004
163.343
160.983
156.141
162.363
1.567
0.253
155.153
159.506
161.159
157.383
151.991
150.851
151.889
155.474
152.283
156.815
150.670
161.759
148.239
151.615
150.789
149.221
151.956
148.326
148.929
152.476
155.916
150.834
152.141
149.404
148.525
149.247
1.632
0.255
155.352
164.495
173.045
156.183
165.761
155.477
153.929
150.023
158.880
155.285
152.912
157.203
149.103
158.468
153.149
153.811
153.160
154.142
158.275
149.598
153.478
152.466
146.811
159.593
155.105
151.821
1.855
0.233
155.034
155.929
170.465
158.829
158.316
154.838
154.057
158.144
158.264
158.814
159.363
164.725
159.371
160.894
155.559
152.090
167.946
159.389
166.010
155.361
161.177
149.241
152.939
152.661
150.731
156.396
1.966
0.254
149.157
172.194
171.186
158.833
162.939
154.679
159.882
163.252
156.374
153.874
155.022
161.209
157.680
153.134
156.063
158.409
150.793
153.998
160.065
155.741
162.786
167.377
156.401
158.402
153.739
155.240
1.685
0.258
159.713
164.831
163.032
156.816
168.325
153.893
155.759
160.513
155.380
166.250
164.542
147.008
148.513
163.820
149.608
156.801
156.778
159.254
161.587
169.808
153.252
163.551
155.421
149.629
151.570
169.505
2.289
0.248
166.774
161.981
157.000
155.710
161.923
163.291
153.990
163.972
156.804
157.156
156.934
149.798
153.041
161.259
162.077
156.000
160.746
156.674
170.723
149.471
155.543
156.655
179.081
157.638
154.839
160.935
1.819
0.251
153.145
159.019
161.786
162.750
154.730
149.493
160.658
170.109
174.958
161.174
160.766
159.827
162.228
156.715
164.368
161.108
156.026
157.818
150.371
172.716
155.339
163.407
168.672
152.017
159.745
147.961
1.660
0.241
166.313
169.314
164.477
161.865
155.457
159.261
160.302
158.509
154.568
157.743
148.694
154.802
158.332
161.545
159.661
169.937
150.355
152.943
149.913
153.052
162.545
153.220
156.318
155.223
165.527
161.263
2.069
0.271
154.049
162.535
179.122
165.127
158.474
162.621
162.506
157.194
161.096
158.241
167.716
153.902
164.564
159.521
154.157
152.690
160.116
150.575
156.285
166.845
156.000
159.859
161.941
148.197
150.756
167.180
1.498
0.249
156.140
166.212
162.085
160.520
159.412
156.903
165.562
160.268
167.112
148.308
153.528
152.684
167.290
157.031
162.177
157.011
156.791
164.397
162.474
157.564
157.439
157.417
160.357
158.619
160.657
161.047
2.132
0.253
156.157
158.603
166.149
161.198
156.140
155.576
152.308
160.130
172.310
161.380
158.439
162.434
159.655
160.153
156.800
157.103
155.506
153.159
153.155
155.514
157.869
159.841
154.764
178.264
154.373
157.617
2.041
0.250
161.440
161.269
55.630
737.873
347.037
81.740
85.435
101.384
99.543
122.328
129.320
130.423
134.480
141.905
147.353
153.344
155.927
150.714
2.496
0.234
157.740
159.239
157.250
156.249
160.249
159.934
152.573
157.141
156.572
161.373
160.112
156.996
160.326
162.860
167.930
158.438
163.804
162.615
201.367
48.570
49.888
756.768
315.897
50.953
61.634
82.313
93.717
