5.331
0.686
0.010
78.409
133.796
132.985
102.098
58.520
104.735
132.982
119.618
55.903
36.658
22.353
52.069
84.038
120.104
103.053
116.215
137.772
43.357
34.579
34.235
58.124
97.568
95.627
106.075
111.993
128.995
132.874
131.738
135.294
149.041
145.468
157.095
146.427
157.656
164.307
174.526
155.049
160.996
164.176
165.584
164.260
174.000
167.695
66.555
468.010
301.104
112.578
132.365
129.605
133.071
142.364
144.932
142.118
155.386
147.067
154.439
150.274
160.523
157.760
157.528
156.503
154.936
152.589
157.256
166.599
156.487
256.390
49.917
742.443
337.445
76.652
97.214
98.220
101.076
116.620
127.662
134.142
131.564
143.940
146.819
152.040
152.941
153.890
151.579
156.646
146.395
146.385
146.442
150.154
148.523
152.629
144.105
146.814
147.426
142.503
142.812
148.875
143.220
144.764
138.507
2.813
0.306
149.305
146.929
161.882
160.258
143.817
140.196
170.911
158.452
155.626
154.629
156.263
156.367
158.010
157.938
161.792
158.688
166.834
161.174
159.727
156.651
151.625
158.792
151.220
156.524
156.329
161.144
155.211
152.530
50.830
745.340
351.269
80.357
101.621
99.838
112.594
118.417
127.202
131.857
138.252
146.255
151.986
149.516
156.758
155.678
148.261
155.308
153.175
155.979
148.431
157.040
149.236
146.193
157.567
154.213
155.042
149.600
143.520
145.833
147.495
139.411
140.742
3.337
0.297
143.047
150.520
169.928
166.499
50.989
47.637
733.941
348.032
80.386
100.431
103.219
107.712
118.036
127.643
131.796
134.981
142.821
144.050
147.681
150.441
149.945
147.590
146.252
146.596
149.060
147.173
144.863
142.746
143.509
144.646
142.152
141.397
140.920
141.527
141.103
140.599
137.874
137.539
135.840
1.947
0.273
136.774
152.985
161.894
169.649
151.225
148.104
147.499
146.992
145.946
147.526
147.868
146.975
147.565
147.617
151.232
149.104
147.945
148.174
147.870
147.226
149.327
147.399
150.100
148.460
149.863
148.118
148.269
149.879
146.569
145.996
2.193
0.265
147.191
155.098
151.579
149.116
149.283
148.201
152.967
147.869
149.207
146.834
149.068
149.054
149.356
147.488
148.316
147.339
147.229
148.410
148.085
150.336
147.681
149.222
152.540
147.972
146.354
148.024
147.403
150.104
147.672
145.161
145.179
143.859
146.188
1.874
0.299
143.713
150.468
163.199
148.358
151.449
147.301
147.491
147.048
151.766
148.510
148.066
149.510
147.687
146.745
148.373
154.796
149.345
149.742
148.891
150.988
147.329
149.937
146.838
149.154
152.785
147.843
148.500
147.085
149.405
147.257
145.069
145.439
2.372
0.276
146.881
152.599
154.154
150.234
150.942
150.221
157.378
146.720
149.054
147.645
150.577
151.139
148.280
148.245
151.988
147.391
149.004
148.297
151.446
151.409
152.660
147.562
151.251
149.143
152.806
149.454
146.486
148.979
146.040
145.736
1.909
0.276
146.456
153.513
156.039
150.658
146.736
148.992
153.850
149.840
148.534
149.361
151.118
151.466
150.366
152.186
152.913
149.980
148.615
151.343
151.250
156.045
148.037
152.795
148.387
151.197
152.853
150.094
146.586
146.477
151.166
1.929
0.278
146.470
156.350
154.911
157.334
149.555
151.476
148.102
152.407
149.232
149.356
149.950
148.189
150.542
151.093
150.994
152.999
157.015
151.093
150.692
151.164
151.143
154.654
151.232
149.547
148.782
149.161
148.599
147.920
1.971
0.287
151.496
155.107
155.661
147.395
152.196
150.755
149.325
149.661
152.565
150.509
149.778
151.710
150.162
150.661
151.639
152.024
151.744
148.940
151.747
149.825
149.473
153.055
152.800
151.647
150.691
148.542
147.632
149.216
1.755
0.272
145.967
156.758
155.961
151.501
157.325
150.435
153.215
153.362
150.210
150.704
149.996
155.602
156.365
154.432
152.206
155.011
152.877
149.750
151.636
150.539
149.015
151.620
150.214
152.409
148.492
147.120
149.510
150.265
1.754
0.268
148.849
153.095
159.399
157.548
150.208
156.736
148.855
150.919
151.052
148.125
146.801
151.990
149.500
150.982
147.316
152.814
154.490
153.718
149.837
152.403
150.601
149.705
148.294
155.049
149.975
152.230
153.905
147.012
2.013
0.267
148.696
153.645
162.401
151.090
153.071
150.812
153.748
149.375
154.010
152.293
157.014
151.925
155.180
156.185
154.670
149.848
150.616
148.744
156.389
150.948
148.681
150.107
152.144
148.616
154.728
154.246
147.097
150.108
1.961
0.306
153.229
157.061
157.465
150.440
154.346
149.874
148.990
149.687
154.650
153.394
150.453
152.483
151.124
154.655
150.424
150.590
152.454
156.484
150.232
158.155
148.080
150.484
155.631
155.037
149.254
149.099
152.003
150.705
2.031
0.293
148.478
157.199
156.375
155.727
151.440
152.558
152.277
153.120
149.339
153.158
151.152
151.764
156.020
156.021
153.815
149.779
147.821
154.402
157.184
153.843
153.111
155.562
147.595
149.098
149.085
148.688
147.593
147.436
1.925
0.275
151.240
155.078
159.411
151.510
151.052
147.827
149.564
150.575
154.719
152.709
154.565
155.104
151.199
149.287
150.118
148.655
148.874
147.115
152.549
151.490
149.822
153.439
150.548
152.366
146.716
155.505
147.586
2.390
0.307
149.007
154.518
162.794
154.239
149.792
151.611
151.727
149.873
153.017
150.330
154.228
152.530
153.273
148.920
158.188
152.097
156.027
149.155
151.471
151.841
154.040
150.238
151.630
153.090
150.271
156.858
146.983
2.151
0.918
148.532
157.411
156.341
151.220
156.223
151.640
152.522
159.107
157.073
149.151
152.491
152.278
150.998
146.955
150.535
150.322
156.475
155.011
149.288
150.897
151.127
150.889
154.223
149.197
153.612
153.373
146.773
2.198
0.246
150.967
156.259
161.709
153.831
151.760
151.311
157.505
159.191
150.278
149.714
148.654
154.819
153.586
154.761
153.481
156.914
152.309
151.651
153.690
153.313
154.187
149.029
154.638
148.791
150.476
149.892
148.612
1.909
0.302
149.443
156.778
159.165
157.439
147.980
152.311
157.390
151.288
157.117
152.430
149.527
155.162
151.391
153.295
154.334
151.979
156.912
149.909
157.420
148.189
156.598
151.411
149.316
149.822
156.546
152.390
159.767
2.726
0.295
159.075
155.605
155.785
152.764
147.667
154.733
151.216
150.088
152.856
154.300
151.445
148.515
149.866
150.421
152.477
149.346
151.918
149.600
153.323
150.102
152.458
152.156
155.684
155.401
151.119
154.022
153.151
2.010
0.309
149.691
155.605
162.685
151.714
151.339
149.837
150.622
151.215
151.703
156.746
147.445
152.218
150.225
151.114
154.883
153.534
147.467
151.024
150.546
151.601
157.152
151.165
153.316
152.341
152.678
152.071
152.664
2.440
0.261
150.679
157.252
158.425
149.924
151.025
149.319
153.991
152.173
150.353
151.762
149.427
152.929
154.991
153.504
156.092
148.954
152.048
153.356
150.286
157.725
147.331
153.084
150.248
149.884
147.971
149.099
150.280
3.364
0.296
151.336
164.879
157.531
158.726
153.160
149.702
153.475
158.679
150.371
155.788
151.069
150.458
149.011
154.498
150.231
149.214
151.415
150.282
150.200
151.938
150.737
153.700
156.231
151.022
153.149
152.668
146.281
3.277
0.258
154.874
161.948
161.152
156.362
154.228
151.430
154.500
153.335
152.698
156.690
153.107
158.392
150.083
153.415
157.373
151.467
149.721
152.683
155.771
162.249
156.988
152.276
151.321
156.241
159.502
155.076
147.958
2.104
0.268
154.238
165.756
158.164
157.298
147.525
150.257
155.355
152.630
154.461
148.503
156.938
151.974
155.609
155.366
154.006
149.427
153.993
158.125
151.002
153.380
150.432
154.381
151.005
150.003
149.770
156.008
148.566
2.096
0.260
151.286
155.720
159.105
153.301
152.343
154.291
155.478
155.511
150.931
158.181
148.179
154.408
149.019
149.620
152.965
153.602
158.624
154.145
150.763
147.793
151.804
152.114
153.069
156.343
157.423
145.793
155.180
1.957
0.277
152.473
161.560
164.802
150.012
159.587
153.100
148.526
152.019
157.093
148.723
152.721
158.681
153.295
149.958
149.423
154.485
148.610
155.142
154.399
150.824
151.319
149.743
149.138
156.170
150.260
153.426
155.472
1.966
0.269
151.966
168.066
160.287
153.762
152.698
154.918
157.068
150.303
154.006
150.456
146.106
156.494
148.191
158.160
157.384
155.079
149.184
154.954
148.875
151.034
151.087
154.791
157.331
153.191
151.657
149.462
150.282
2.978
0.277
149.057
157.825
164.762
149.062
157.431
152.162
151.720
149.668
149.715
150.376
152.645
158.687
148.268
154.064
153.165
151.854
146.801
153.131
152.043
151.364
153.024
154.207
155.763
148.214
149.387
152.748
160.576
2.214
0.279
159.185
160.762
162.513
156.801
148.541
151.538
153.623
149.349
150.208
148.525
153.958
153.095
151.310
151.602
151.311
152.585
154.388
154.119
153.864
151.914
154.665
149.397
153.409
153.439
160.991
150.665
152.469
2.410
0.270
153.260
163.672
158.664
157.656
156.217
154.586
155.453
159.540
149.245
151.675
149.813
154.954
152.611
151.970
152.974
151.791
154.801
156.357
152.665
153.210
157.005
151.933
151.010
150.798
148.076
151.354
2.142
0.269
153.144
156.959
163.262
157.648
149.873
152.863
148.205
152.020
157.695
156.689
152.591
148.846
153.019
154.131
158.995
152.228
147.703
152.789
156.393
148.654
155.320
157.009
149.961
154.991
158.492
149.292
152.932
2.092
0.253
156.864
165.815
157.708
152.968
151.585
153.458
152.003
149.228
149.675
148.539
154.728
152.243
150.148
154.166
157.433
153.311
155.780
154.913
153.399
154.850
156.525
152.172
151.623
154.391
153.575
156.004
147.683
2.289
0.248
155.420
153.871
162.118
156.744
155.399
152.632
158.214
150.992
156.333
151.985
149.902
151.912
159.641
146.043
151.053
157.458
151.949
152.850
154.938
146.320
153.235
156.351
161.727
153.887
148.549
155.149
153.127
2.647
0.278
150.483
161.917
155.413
163.791
156.438
160.957
152.195
154.516
155.639
151.536
148.320
150.665
152.847
155.257
148.959
155.970
159.493
157.580
148.928
148.026
154.545
162.594
151.085
148.897
154.809
152.476
153.763
3.312
0.251
151.291
165.030
158.432
159.019
155.527
151.006
150.011
154.557
153.057
153.462
154.592
148.453
158.569
159.149
149.172
149.041
151.135
153.193
153.147
150.739
154.332
153.215
156.363
147.506
157.718
153.896
2.219
0.268
148.741
157.702
162.433
156.778
154.158
155.759
148.867
155.577
151.061
149.768
153.950
147.261
151.057
152.895
157.718
156.675
148.236
148.909
155.533
154.248
156.355
156.298
153.461
154.891
149.473
152.031
146.849
2.658
0.285
156.736
161.105
163.961
153.550
159.374
155.298
148.987
155.886
153.876
151.746
154.472
154.724
155.124
154.993
158.890
158.549
155.120
147.918
151.651
151.025
150.764
149.027
154.615
152.486
151.580
152.019
153.184
2.613
0.265
152.312
160.823
161.796
155.678
148.880
154.106
159.244
158.391
156.590
149.732
151.672
151.447
151.916
155.645
150.945
149.280
156.753
160.546
149.219
150.111
148.197
157.792
157.035
154.993
153.743
151.067
148.574
2.290
0.282
151.468
162.557
166.613
152.040
153.888
162.334
154.050
148.503
156.593
152.657
159.877
159.514
150.400
151.898
164.308
159.387
150.322
153.307
152.060
151.223
148.778
150.501
151.622
156.811
156.404
153.697
154.011
1.208
0.266
156.896
157.834
164.358
159.512
155.476
156.124
152.719
155.058
153.559
158.342
155.807
154.416
151.320
156.023
147.172
154.266
151.871
151.221
157.042
156.944
147.962
153.776
151.498
151.295
154.668
151.612
151.563
2.246
0.279
156.637
160.839
164.263
157.767
157.109
151.481
156.973
160.535
152.649
152.872
154.182
150.687
157.101
148.682
154.178
151.906
148.703
155.937
158.554
153.661
155.243
155.627
152.155
158.842
154.291
154.851
152.481
2.059
0.253
152.439
163.513
162.367
161.059
155.289
155.197
156.851
152.730
162.905
159.251
159.230
160.083
159.068
155.402
154.476
154.100
155.229
150.085
149.162
150.495
154.181
151.777
155.886
156.569
151.726
148.560
2.421
0.264
147.239
163.468
158.273
162.760
152.892
153.923
159.373
157.589
160.131
147.455
146.854
151.501
155.695
154.874
163.287
155.796
159.254
153.280
156.093
161.366
155.374
158.875
154.386
149.829
150.439
154.938
2.733
0.279
160.778
167.443
159.454
154.603
171.418
157.178
161.705
156.541
159.336
164.010
152.909
153.740
148.476
158.732
162.212
152.984
155.001
153.338
164.685
187.067
174.746
156.868
156.576
161.728
152.016
160.646
153.325
2.592
0.251
161.220
162.176
158.383
156.248
152.455
166.532
157.247
150.825
153.710
149.332
163.849
162.603
157.088
158.239
154.711
151.757
160.394
158.008
155.580
157.828
150.641
157.835
157.605
157.983
162.732
150.838
161.905
2.334
0.272
153.456
163.340
164.946
157.854
157.905
151.537
155.945
153.320
156.813
158.705
157.416
166.737
154.576
160.710
157.040
155.869
152.856
155.332
150.734
156.969
166.229
151.823
153.796
163.097
156.694
153.969
159.868
2.569
0.268
160.186
171.203
167.328
155.842
152.618
159.292
155.630
156.801
165.025
155.905
149.451
155.155
152.342
163.688
161.483
162.303
154.636
161.568
150.899
157.856
154.397
166.472
154.502
151.465
154.585
160.858
2.766
0.269
149.987
158.396
167.121
151.911
155.366
167.670
152.527
153.211
153.943
151.342
155.963
149.088
153.514
152.690
162.446
154.540
155.445
157.258
154.705
160.670
159.030
164.976
154.943
159.575
156.508
152.307
3.122
0.267
153.614
158.704
167.806
154.493
160.791
160.570
152.273
168.621
156.887
159.619
159.468
155.745
159.956
159.162
156.136
161.135
153.081
161.148
160.101
164.295
146.439
154.114
153.917
161.265
159.259
160.194
154.022
2.335
0.278
152.405
161.350
167.581
153.610
160.206
160.930
149.772
155.776
156.131
165.446
156.866
152.878
152.053
155.684
152.581
153.934
156.610
157.074
161.771
153.594
152.101
155.822
163.342
151.595
155.090
152.920
154.568
2.319
0.286
152.884
165.716
165.571
155.132
167.776
152.217
155.441
159.098
160.051
157.161
155.656
157.072
178.706
153.071
155.016
153.765
165.447
157.715
169.217
165.712
153.334
154.918
153.262
154.990
160.626
152.044
156.625
2.204
0.254
158.951
174.038
178.781
167.537
162.471
154.797
150.785
163.893
156.444
159.812
152.482
151.169
151.174
157.624
154.761
150.556
162.229
171.606
160.794
174.402
158.481
151.555
155.472
154.674
154.939
164.495
154.193
2.770
0.280
158.603
156.674
174.299
156.837
154.800
150.243
164.340
165.557
149.696
155.626
167.744
167.402
160.082
151.996
162.871
156.476
153.101
160.159
152.033
165.812
157.052
167.065
155.472
153.160
153.391
163.110
2.170
0.278
151.918
157.744
166.206
167.337
161.360
164.472
155.768
155.030
157.506
156.770
157.995
160.134
159.801
152.464
154.883
151.871
153.856
152.089
159.724
158.171
148.860
157.900
169.527
184.145
159.195
150.782
162.724
2.433
0.285
157.235
162.953
161.596
160.354
158.628
153.039
155.355
153.401
153.649
153.408
153.297
158.113
161.887
153.822
161.548
158.682
155.969
160.930
161.737
157.900
162.090
150.656
148.869
150.895
157.683
154.842
150.887
2.807
0.275
150.991
53.354
745.267
341.579
80.910
98.696
99.444
109.892
119.833
130.478
131.210
137.303
140.077
152.205
151.472
149.994
150.402
153.101
2.339
0.231
154.415
167.296
157.966
153.584
152.734
147.807
154.881
155.222
152.643
158.968
153.932
158.703
157.943
152.308
149.013
160.145
211.728
51.852
48.545
730.315
310.698
45.227
63.542
81.333
95.978
