5.693
0.773
0.013
78.291
126.777
136.482
96.242
51.735
102.337
130.133
96.854
59.729
37.743
22.066
48.023
87.398
122.463
95.864
114.525
129.034
41.340
33.106
33.448
55.654
91.693
101.747
104.115
111.937
125.084
134.676
134.764
144.712
134.794
150.781
149.642
152.802
158.022
166.759
162.197
154.224
177.977
179.505
156.485
157.729
162.662
59.939
467.650
295.055
109.413
129.271
127.734
130.646
135.781
140.139
151.054
152.032
150.030
152.914
150.404
155.215
155.897
147.360
159.742
154.036
151.270
154.984
156.610
257.258
44.871
727.067
332.089
79.822
92.073
90.417
104.364
113.097
124.583
126.648
141.544
145.606
150.103
148.943
153.680
151.323
154.699
151.780
144.178
153.093
145.837
147.840
149.275
149.615
142.790
150.611
142.707
140.936
146.337
141.507
142.042
3.273
0.274
138.456
151.397
161.360
167.148
138.995
125.266
139.492
162.816
156.769
156.238
154.838
155.735
153.099
153.768
163.889
156.635
162.006
156.590
156.931
157.607
151.851
159.645
52.145
727.632
331.288
84.065
96.665
98.202
108.160
119.094
125.059
132.312
138.523
146.092
142.363
147.035
156.731
154.528
145.015
160.423
152.591
150.827
157.435
154.817
153.647
144.769
154.890
149.686
149.530
148.790
143.066
138.510
141.098
141.216
148.409
3.602
0.320
139.630
153.410
171.441
47.955
44.041
722.934
331.030
78.230
96.710
98.472
107.748
117.291
124.644
130.011
135.729
140.832
150.146
144.218
147.022
145.013
144.025
143.968
146.764
143.142
145.320
142.633
142.755
143.220
141.092
145.475
138.197
137.492
137.390
136.017
135.991
134.024
134.303
131.875
1.950
0.293
133.400
154.194
161.935
152.884
143.518
148.668
144.189
145.323
144.225
145.006
145.107
144.339
144.363
145.374
146.390
145.661
147.234
145.485
147.029
144.026
145.666
146.830
146.286
145.391
147.292
144.577
143.951
143.903
143.272
143.538
1.848
0.254
142.125
150.180
148.772
144.237
142.850
145.337
147.056
145.300
146.987
143.235
144.784
143.761
146.142
143.775
142.914
147.552
144.405
149.600
147.848
145.486
144.755
146.500
145.774
146.791
148.701
144.246
146.505
145.724
143.572
144.887
142.711
142.393
144.585
1.826
0.322
141.522
149.168
160.968
145.313
145.723
150.044
144.190
147.843
145.894
148.479
147.302
148.168
150.449
143.292
144.027
145.487
145.132
146.953
147.009
148.349
147.563
147.155
144.076
146.201
146.131
147.345
146.828
146.703
143.305
145.518
142.788
2.359
0.303
140.977
151.264
169.517
144.587
145.272
143.393
145.352
144.997
144.020
147.039
146.167
145.461
147.721
145.807
148.077
147.589
145.799
147.293
146.424
147.674
145.242
145.022
149.951
146.534
146.508
143.811
145.679
144.820
149.545
1.763
0.286
145.167
152.036
150.283
148.143
145.417
145.379
146.350
145.090
145.534
145.402
148.044
146.743
148.904
145.810
145.839
145.645
148.254
145.500
145.518
147.769
145.271
146.240
148.180
149.760
143.809
145.561
145.242
144.708
141.876
1.846
0.249
142.017
149.788
161.543
147.455
151.608
145.118
146.926
146.539
149.058
148.914
144.637
147.335
144.824
146.472
146.017
147.849
147.994
145.931
144.987
146.188
145.987
145.100
145.450
146.146
146.403
148.757
146.105
143.603
141.435
1.933
0.293
142.367
153.158
161.071
146.827
146.148
148.544
152.899
146.497
146.141
149.471
148.284
151.169
148.503
147.238
147.400
148.762
145.103
144.476
146.854
149.987
144.329
146.291
147.091
149.721
143.964
144.278
146.670
144.385
1.897
0.283
142.989
149.025
157.073
145.619
146.290
147.046
144.784
149.317
148.970
150.063
150.579
145.073
143.826
148.534
153.367
150.837
148.583
147.264
147.920
146.548
145.729
149.231
153.699
144.910
143.872
143.719
150.949
147.602
2.107
0.281
143.122
149.331
159.011
146.271
147.171
148.910
146.351
147.234
145.771
148.080
146.644
149.030
146.375
147.544
146.710
147.158
146.836
145.088
147.911
148.749
145.337
148.833
150.882
146.719
147.442
148.257
144.628
143.976
1.938
0.298
143.173
150.425
154.508
149.934
146.771
146.071
148.452
149.689
151.216
149.734
144.778
149.680
145.336
144.985
146.718
145.168
149.783
149.434
147.361
145.503
150.629
146.895
150.799
148.697
147.137
144.953
152.399
150.467
2.096
0.294
145.433
151.616
152.670
152.079
145.555
148.445
144.656
146.395
150.583
147.531
150.816
149.516
151.068
147.837
147.122
148.929
150.654
152.901
150.296
150.631
148.515
148.145
145.646
150.328
152.021
152.667
146.973
2.104
0.263
152.348
151.700
152.210
145.142
151.196
152.196
144.786
149.834
146.668
146.721
148.614
151.872
145.772
146.681
146.577
154.056
147.613
146.572
148.162
148.116
145.595
143.567
148.755
147.670
150.556
149.742
147.322
2.354
0.297
143.600
152.410
152.549
149.100
149.956
150.384
151.939
150.446
149.680
147.409
150.543
148.292
149.751
150.166
148.223
148.546
145.899
152.676
148.959
147.262
147.689
150.618
149.822
152.093
152.737
150.685
145.037
2.254
0.282
144.079
152.041
159.416
144.642
147.658
148.290
150.854
149.934
146.787
155.681
153.583
148.994
152.702
147.478
144.362
147.642
150.488
146.315
152.132
151.438
146.278
149.233
148.478
149.075
145.783
147.280
150.704
1.693
0.290
149.632
153.733
152.003
150.272
151.688
145.936
150.760
149.408
144.739
151.634
148.817
150.229
149.629
148.059
146.332
149.928
153.330
145.450
154.702
147.641
148.875
149.211
152.573
149.883
148.675
151.504
151.753
3.017
0.294
148.017
151.575
153.449
147.479
149.417
156.769
148.903
146.482
149.955
151.432
148.401
146.839
151.906
149.758
150.041
145.949
146.865
149.334
150.372
147.232
149.516
145.436
147.568
148.987
148.506
153.248
145.730
2.359
0.293
145.822
152.104
156.042
151.606
148.966
149.429
150.118
151.715
151.505
149.313
147.650
152.562
148.492
151.379
152.545
148.506
149.569
147.753
150.349
147.809
147.706
151.886
152.780
151.002
151.218
154.575
145.641
2.491
0.307
145.402
155.124
157.186
152.966
148.794
146.842
149.794
149.659
146.706
149.852
148.279
148.434
147.113
155.690
150.512
148.674
151.879
151.983
148.896
153.580
147.117
147.779
146.988
146.237
146.282
151.682
152.604
2.987
0.278
146.829
152.275
154.311
146.391
146.979
150.934
149.319
146.861
148.589
147.126
149.741
151.711
147.284
148.095
146.807
148.666
146.631
149.160
151.643
146.298
148.094
149.286
149.290
149.675
146.526
144.533
145.002
2.173
0.264
147.547
152.489
156.840
150.988
150.435
147.827
144.672
144.087
149.652
147.205
146.913
146.377
148.213
151.075
148.079
144.943
147.125
151.629
145.838
146.921
146.918
149.667
151.190
146.652
150.738
145.756
147.987
3.457
0.301
152.569
159.784
156.712
151.030
155.390
149.224
148.886
150.666
148.376
153.291
148.927
151.496
153.358
150.867
150.793
154.542
148.756
149.341
148.826
149.185
145.308
145.620
146.239
146.107
152.887
148.872
153.273
2.596
0.248
148.753
155.156
165.318
152.667
147.469
149.760
154.137
152.355
149.797
148.804
149.747
147.157
149.146
146.316
149.131
149.708
144.693
150.649
149.281
155.651
150.064
148.225
152.423
148.504
155.641
147.963
149.653
2.791
0.258
147.166
156.072
157.130
154.963
148.682
154.354
150.049
152.592
157.664
146.784
150.694
151.282
145.089
149.688
151.218
152.061
154.783
148.423
149.187
150.704
151.573
148.432
152.916
155.400
150.058
147.614
150.426
2.434
0.264
150.366
155.086
160.554
152.553
149.557
149.143
155.847
148.800
151.323
155.941
149.712
149.818
149.505
147.959
152.380
152.610
152.188
147.079
154.988
155.150
151.307
151.957
154.824
157.854
155.719
152.678
149.775
3.260
0.233
147.704
154.780
158.092
150.224
161.477
150.051
151.151
145.767
150.479
151.000
152.800
151.878
154.287
151.189
151.173
156.026
152.099
148.681
157.339
150.774
147.939
153.710
152.815
149.488
147.290
150.603
2.926
0.252
146.190
157.642
154.566
149.068
151.673
157.100
156.153
148.931
156.745
149.182
158.870
148.983
156.981
151.907
149.337
153.393
153.094
146.740
150.701
153.543
150.440
153.729
152.893
151.671
148.546
151.552
2.418
0.263
154.837
155.691
160.037
149.680
152.880
146.902
147.834
151.448
150.375
147.947
149.449
147.672
145.851
154.032
151.273
159.416
146.413
149.548
152.300
147.239
156.074
153.751
155.143
149.254
155.640
146.727
2.680
0.240
159.816
155.848
154.894
149.233
148.158
152.485
149.391
150.232
152.804
153.412
152.423
155.849
154.613
152.074
157.798
151.552
147.731
147.870
150.744
152.113
146.326
155.184
156.199
155.191
155.457
149.866
2.964
0.256
156.852
157.124
160.183
152.702
149.837
156.806
150.666
160.435
146.851
150.266
149.801
149.930
148.846
153.614
151.059
149.585
148.344
149.533
152.367
154.330
154.045
152.108
151.180
150.230
151.184
150.821
152.059
2.287
0.239
152.498
154.093
157.005
152.407
152.402
147.574
154.975
152.765
150.776
148.857
148.870
149.533
150.130
148.194
151.327
153.858
149.804
155.822
152.257
152.213
155.348
151.600
153.158
158.498
150.067
150.480
2.298
0.235
153.199
156.196
159.103
150.407
155.413
151.475
154.151
152.070
153.220
153.325
155.046
147.472
148.918
158.756
151.584
153.067
148.343
151.716
152.364
150.412
149.893
150.776
149.912
150.247
149.777
151.427
2.641
0.278
152.381
154.276
157.538
152.246
148.918
148.535
154.311
148.670
151.019
151.596
144.860
149.030
150.888
145.348
148.773
155.485
151.842
150.602
157.386
152.874
149.990
160.462
151.549
150.049
152.775
149.314
1.315
0.263
150.058
159.413
159.755
155.638
153.171
154.499
155.452
153.552
152.746
154.655
149.719
147.925
150.842
153.076
148.683
157.481
152.260
149.881
156.567
152.999
146.311
150.382
149.612
154.319
153.947
156.057
2.313
0.250
156.102
164.799
156.796
152.848
151.351
161.567
157.477
152.146
153.674
148.079
156.066
150.689
152.592
151.490
151.409
156.113
152.694
155.381
151.315
152.038
150.366
150.562
148.003
152.334
152.406
147.327
2.547
0.235
152.385
157.307
159.853
151.576
150.572
157.358
147.337
152.119
154.384
149.933
153.085
147.415
153.201
155.332
153.784
148.107
152.345
151.863
153.755
152.305
148.684
149.417
155.526
149.411
150.815
157.580
154.958
2.712
0.250
151.122
157.273
159.275
152.447
151.661
151.042
150.214
148.340
155.670
146.813
153.618
148.946
152.521
146.211
152.938
152.637
150.899
148.430
155.443
149.143
149.918
151.867
149.073
155.360
155.071
151.979
3.124
0.261
155.147
158.880
158.036
152.381
151.496
149.735
149.708
147.923
152.689
152.210
153.418
149.575
155.451
149.471
151.654
153.770
153.608
151.015
152.635
153.190
154.769
152.005
151.244
154.350
150.025
146.860
153.956
2.828
0.268
155.673
159.830
158.312
153.049
152.338
151.538
148.572
155.124
150.441
153.693
151.229
149.225
149.954
149.433
147.933
155.381
148.798
150.639
157.222
160.705
155.802
154.783
158.303
148.964
157.227
156.241
1.928
0.251
149.508
158.870
156.293
149.792
151.371
150.804
148.248
152.755
154.983
149.254
150.532
158.661
152.349
155.015
158.035
151.510
148.728
151.662
151.199
152.439
148.564
151.338
152.101
152.454
152.182
146.160
3.665
0.264
156.161
168.005
161.132
149.961
150.082
150.363
153.474
154.673
153.573
155.772
146.589
154.724
155.469
148.496
149.113
158.268
152.444
153.736
153.902
152.247
149.060
147.927
153.075
150.831
149.565
154.136
162.717
2.349
0.253
152.026
156.408
165.655
149.351
153.969
157.568
152.485
152.867
153.289
156.111
148.731
150.146
158.336
154.680
152.251
156.347
151.865
153.097
148.621
148.716
148.954
149.003
150.413
154.635
152.346
152.304
148.901
1.825
0.260
148.249
157.457
159.516
153.800
149.918
153.366
152.339
151.147
155.907
156.203
155.242
155.241
148.075
152.421
155.571
156.341
151.474
149.270
153.994
155.464
156.598
152.058
150.469
157.705
151.824
149.623
2.287
0.271
152.311
161.278
157.923
149.151
157.506
153.932
153.665
152.660
153.366
159.885
151.714
153.954
156.373
152.954
155.317
154.347
153.891
157.106
159.334
147.827
147.928
154.193
149.811
149.524
149.882
150.802
147.383
3.549
0.254
149.586
155.670
163.980
157.076
157.711
149.797
158.186
153.055
158.524
155.017
149.045
149.452
157.968
152.932
150.210
159.041
160.529
151.873
148.691
153.502
149.288
149.442
153.805
146.972
145.133
150.789
150.356
2.968
0.263
152.872
151.892
168.966
155.825
154.490
152.439
153.471
155.055
160.151
157.898
150.932
148.768
156.794
147.181
169.028
150.816
151.090
151.195
153.775
148.865
152.135
151.262
153.152
151.244
153.391
153.085
164.182
2.479
0.270
149.158
159.007
162.766
157.558
156.443
158.355
158.038
156.515
157.871
157.384
159.164
151.046
155.120
156.371
146.803
147.179
152.928
166.198
155.097
152.348
148.619
153.093
161.580
150.207
156.238
155.184
155.252
2.067
0.254
152.976
155.102
175.519
169.813
156.954
151.295
155.823
156.867
151.352
156.669
150.968
163.225
175.025
157.195
163.643
159.473
151.849
151.756
153.413
156.365
154.732
161.394
150.231
149.900
146.512
148.343
2.516
0.249
147.425
158.704
157.792
153.948
157.292
150.672
152.765
165.211
161.248
158.561
158.907
153.343
155.349
149.793
155.688
162.143
152.793
150.480
160.428
147.356
163.655
158.181
167.209
151.425
166.235
152.857
148.785
2.613
0.253
152.395
155.489
159.265
155.369
162.651
160.275
160.664
153.175
155.277
161.356
162.876
159.243
158.591
153.490
153.232
155.833
154.560
153.414
171.952
153.572
153.578
158.565
157.189
164.343
147.516
156.900
2.864
0.249
153.564
156.953
41.399
727.969
334.882
79.449
97.593
99.247
111.702
119.591
128.641
133.971
139.624
145.388
146.318
149.213
149.448
148.540
149.578
2.000
0.217
150.366
165.189
149.000
160.716
145.501
152.014
158.075
154.717
160.225
157.860
148.479
149.042
148.125
149.827
148.378
155.832
212.030
44.301
44.461
742.704
301.191
45.894
63.886
81.293
96.825
